#time	V(vd)	V(vin)
#vin e vd con forma d onda seno a 100Hz
0.000000000000000e+000	0.000000e+000	0.000000e+000
1.804151805117727e-005	1.590034e-002	1.133879e-001
3.608303610235454e-005	3.179027e-002	2.267263e-001
5.412455415353180e-005	4.766978e-002	3.400151e-001
7.216607220470908e-005	6.353887e-002	4.532544e-001
9.020759025588635e-005	7.939754e-002	5.664441e-001
1.082491083070636e-004	9.524579e-002	6.795843e-001
1.262906263582408e-004	1.110836e-001	7.926750e-001
1.555875013582408e-004	1.367334e-001	9.760287e-001
1.848843763582408e-004	1.622913e-001	1.159052e+000
2.141812513582408e-004	1.877172e-001	1.341682e+000
2.434781263582408e-004	2.129500e-001	1.523858e+000
2.727750013582408e-004	2.378964e-001	1.705517e+000
3.020718763582409e-004	2.624159e-001	1.886599e+000
3.313687513582409e-004	2.863052e-001	2.067041e+000
3.606656263582409e-004	3.092922e-001	2.246783e+000
3.899625013582409e-004	3.310513e-001	2.425764e+000
4.192593763582410e-004	3.512528e-001	2.603922e+000
4.485562513582410e-004	3.696341e-001	2.781199e+000
4.778531263582410e-004	3.860618e-001	2.957533e+000
5.071500013582410e-004	4.005511e-001	3.132865e+000
5.364468763582411e-004	4.132385e-001	3.307135e+000
5.657437513582411e-004	4.243289e-001	3.480285e+000
5.950406263582411e-004	4.340472e-001	3.652255e+000
6.243375013582412e-004	4.426056e-001	3.822988e+000
6.536343763582412e-004	4.501902e-001	3.992426e+000
7.122281263582412e-004	4.630343e-001	4.327186e+000
7.540808049296699e-004	4.704119e-001	4.563128e+000
7.959334835010985e-004	4.771748e-001	4.795521e+000
8.377861620725271e-004	4.833231e-001	5.024364e+000
8.796388406439557e-004	4.888569e-001	5.249657e+000
9.214915192153843e-004	4.937760e-001	5.471401e+000
9.633441977868130e-004	4.980805e-001	5.689594e+000
1.005196876358242e-003	5.017704e-001	5.904238e+000
1.097272769215384e-003	5.088853e-001	6.364363e+000
1.189348662072528e-003	5.152490e-001	6.799794e+000
1.281424554929670e-003	5.208615e-001	7.210532e+000
1.373500447786813e-003	5.257228e-001	7.596577e+000
1.465576340643956e-003	5.298329e-001	7.957928e+000
1.557652233501099e-003	5.331919e-001	8.294586e+000
1.649728126358242e-003	5.357996e-001	8.606550e+000
1.905029465643955e-003	5.417478e-001	9.313935e+000
2.160330804929668e-003	5.455828e-001	9.771737e+000
2.415632144215381e-003	5.473047e-001	9.979957e+000
2.670933483501094e-003	5.469136e-001	9.938593e+000
2.926234822786807e-003	5.444093e-001	9.647648e+000
3.181536162072520e-003	5.397920e-001	9.107119e+000
3.436837501358233e-003	5.330616e-001	8.317008e+000
3.520542858501089e-003	5.303164e-001	8.011159e+000
3.604248215643946e-003	5.268729e-001	7.685568e+000
3.687953572786803e-003	5.227309e-001	7.340235e+000
3.771658929929660e-003	5.178904e-001	6.975161e+000
3.855364287072517e-003	5.123515e-001	6.590344e+000
3.939069644215374e-003	5.061142e-001	6.185785e+000
4.022775001358231e-003	4.991784e-001	5.761485e+000
4.060442412072517e-003	4.956208e-001	5.566163e+000
4.098109822786802e-003	4.915402e-001	5.368006e+000
4.135777233501089e-003	4.869366e-001	5.167014e+000
4.173444644215375e-003	4.818101e-001	4.963186e+000
4.211112054929661e-003	4.761606e-001	4.756523e+000
4.248779465643946e-003	4.699882e-001	4.547024e+000
4.286446876358233e-003	4.632928e-001	4.334690e+000
4.345040626358233e-003	4.505093e-001	4.000057e+000
4.374337501358233e-003	4.429635e-001	3.830680e+000
4.403634376358234e-003	4.344515e-001	3.660004e+000
4.432931251358234e-003	4.247890e-001	3.488088e+000
4.462228126358234e-003	4.137652e-001	3.314991e+000
4.491525001358234e-003	4.011563e-001	3.140770e+000
4.520821876358235e-003	3.867554e-001	2.965484e+000
4.550118751358235e-003	3.704205e-001	2.789195e+000
4.579415626358235e-003	3.521280e-001	2.611959e+000
4.608712501358235e-003	3.320040e-001	2.433840e+000
4.638009376358236e-003	3.103074e-001	2.254895e+000
4.667306251358236e-003	2.873677e-001	2.075186e+000
4.696603126358236e-003	2.635121e-001	1.894774e+000
4.725900001358236e-003	2.390160e-001	1.713720e+000
4.755196876358237e-003	2.140853e-001	1.532085e+000
4.784493751358237e-003	1.888631e-001	1.349932e+000
4.813790626358237e-003	1.634445e-001	1.167321e+000
4.843087501358237e-003	1.378915e-001	9.843139e-001
4.872384376358238e-003	1.122452e-001	8.009737e-001
4.901681251358238e-003	8.653367e-002	6.173621e-001
4.930978126358238e-003	6.077684e-002	4.335413e-001
4.989571876358239e-003	9.186257e-003	6.552137e-002
5.027239287072525e-003	-2.404577e-002	-1.714717e-001
5.064906697786810e-003	-5.721870e-002	-4.080381e-001
5.102574108501097e-003	-9.033254e-002	-6.441780e-001
5.140241519215383e-003	-1.233873e-001	-8.798913e-001
5.177908929929669e-003	-1.563829e-001	-1.115178e+000
5.215576340643954e-003	-1.893195e-001	-1.350038e+000
5.253243751358241e-003	-2.221970e-001	-1.584472e+000
5.349504912072528e-003	-3.062166e-001	-2.183589e+000
5.445766072786814e-003	-3.883851e-001	-2.769507e+000
5.542027233501100e-003	-4.687025e-001	-3.342225e+000
5.638288394215387e-003	-5.471688e-001	-3.901744e+000
5.734549554929674e-003	-6.237841e-001	-4.448064e+000
5.830810715643960e-003	-6.985483e-001	-4.981183e+000
5.927071876358246e-003	-7.714614e-001	-5.501104e+000
6.081926787072534e-003	-8.836248e-001	-6.300906e+000
6.236781697786821e-003	-9.853176e-001	-7.026045e+000
6.391636608501107e-003	-1.076540e+000	-7.676522e+000
6.546491519215394e-003	-1.157291e+000	-8.252336e+000
6.701346429929682e-003	-1.227572e+000	-8.753488e+000
6.856201340643969e-003	-1.287383e+000	-9.179976e+000
7.011056251358255e-003	-1.336722e+000	-9.531802e+000
7.241245983501111e-003	-1.382500e+000	-9.858225e+000
7.471435715643967e-003	-1.400215e+000	-9.984550e+000
7.701625447786823e-003	-1.389870e+000	-9.910779e+000
7.931815179929679e-003	-1.351463e+000	-9.636910e+000
8.162004912072534e-003	-1.284994e+000	-9.162945e+000
8.392194644215390e-003	-1.190464e+000	-8.488882e+000
8.622384376358245e-003	-1.067873e+000	-7.614723e+000
8.743757144215386e-003	-9.942659e-001	-7.089853e+000
8.865129912072526e-003	-9.160936e-001	-6.532431e+000
8.986502679929667e-003	-8.333563e-001	-5.942457e+000
9.107875447786807e-003	-7.460538e-001	-5.319931e+000
9.229248215643946e-003	-6.541863e-001	-4.664852e+000
9.350620983501087e-003	-5.577537e-001	-3.977222e+000
9.471993751358227e-003	-4.567560e-001	-3.257039e+000
9.538958037072512e-003	-4.003245e-001	-2.854646e+000
9.605922322786795e-003	-3.434388e-001	-2.449013e+000
9.672886608501080e-003	-2.860988e-001	-2.040138e+000
9.739850894215365e-003	-2.283046e-001	-1.628023e+000
9.806815179929649e-003	-1.700561e-001	-1.212667e+000
9.873779465643932e-003	-1.113534e-001	-7.940699e-001
9.940743751358217e-003	-5.219644e-002	-3.722320e-001
9.999337501358216e-003	-5.842518e-004	-4.162602e-003
1.005793125135822e-002	5.101782e-002	3.639124e-001
1.008722812635821e-002	7.678758e-002	5.477961e-001
1.011652500135821e-002	1.025183e-001	7.314942e-001
1.014582187635821e-002	1.281921e-001	9.149445e-001
1.017511875135821e-002	1.537843e-001	1.098085e+000
1.020441562635821e-002	1.792598e-001	1.280853e+000
1.023371250135821e-002	2.045654e-001	1.463187e+000
1.026300937635821e-002	2.296203e-001	1.645025e+000
1.029230625135821e-002	2.543013e-001	1.826306e+000
1.032160312635821e-002	2.784276e-001	2.006968e+000
1.035090000135821e-002	3.017495e-001	2.186951e+000
1.038019687635821e-002	3.239557e-001	2.366192e+000
1.040949375135821e-002	3.447104e-001	2.544631e+000
1.043879062635821e-002	3.637206e-001	2.722208e+000
1.046808750135821e-002	3.808049e-001	2.898863e+000
1.049738437635821e-002	3.959302e-001	3.074536e+000
1.052668125135821e-002	4.091977e-001	3.249166e+000
1.055597812635820e-002	4.207956e-001	3.422696e+000
1.058527500135820e-002	4.309466e-001	3.595066e+000
1.061457187635820e-002	4.398696e-001	3.766218e+000
1.064386875135820e-002	4.477599e-001	3.936094e+000
1.070246250135820e-002	4.610782e-001	4.271788e+000
1.079035312635820e-002	4.766070e-001	4.764333e+000
1.084894687635820e-002	4.844645e-001	5.085740e+000
1.090754062635820e-002	4.915937e-001	5.399224e+000
1.096613437635820e-002	4.979946e-001	5.704785e+000
1.102472812635819e-002	5.036672e-001	6.002424e+000
1.108332187635819e-002	5.086116e-001	6.292140e+000
1.114191562635819e-002	5.128276e-001	6.573933e+000
1.120050937635819e-002	5.163154e-001	6.847804e+000
1.132188214421533e-002	5.226716e-001	7.389196e+000
1.144325491207247e-002	5.282381e-001	7.881331e+000
1.156462767992961e-002	5.330148e-001	8.324209e+000
1.168600044778675e-002	5.370019e-001	8.717829e+000
1.180737321564389e-002	5.401992e-001	9.062192e+000
1.192874598350103e-002	5.426068e-001	9.357297e+000
1.205011875135817e-002	5.442247e-001	9.603145e+000
1.224682634064388e-002	5.464250e-001	9.869364e+000
1.244353392992959e-002	5.473760e-001	9.987214e+000
1.264024151921530e-002	5.470775e-001	9.956694e+000
1.283694910850101e-002	5.455297e-001	9.777805e+000
1.303365669778672e-002	5.427325e-001	9.450546e+000
1.323036428707243e-002	5.386860e-001	8.974918e+000
1.342707187635814e-002	5.333900e-001	8.350920e+000
1.351077723350100e-002	5.306818e-001	8.047728e+000
1.359448259064385e-002	5.272911e-001	7.724677e+000
1.367818794778671e-002	5.232179e-001	7.381767e+000
1.376189330492957e-002	5.184624e-001	7.018997e+000
1.384559866207242e-002	5.130244e-001	6.636367e+000
1.392930401921528e-002	5.069040e-001	6.233877e+000
1.401300937635813e-002	5.001012e-001	5.811528e+000
1.405067678707242e-002	4.966136e-001	5.617034e+000
1.408834419778670e-002	4.926255e-001	5.419674e+000
1.412601160850099e-002	4.881367e-001	5.219450e+000
1.416367901921527e-002	4.831474e-001	5.016361e+000
1.420134642992956e-002	4.776574e-001	4.810407e+000
1.423901384064384e-002	4.716669e-001	4.601587e+000
1.427668125135813e-002	4.651758e-001	4.389903e+000
1.433527500135812e-002	4.528373e-001	4.056218e+000
1.436457187635812e-002	4.455779e-001	3.887286e+000
1.439386875135812e-002	4.374070e-001	3.717037e+000
1.442316562635812e-002	4.281502e-001	3.545528e+000
1.445246250135812e-002	4.176048e-001	3.372818e+000
1.448175937635812e-002	4.055489e-001	3.198964e+000
1.451105625135812e-002	3.917655e-001	3.024027e+000
1.454035312635812e-002	3.760847e-001	2.848066e+000
1.456965000135812e-002	3.584383e-001	2.671139e+000
1.459894687635812e-002	3.389017e-001	2.493307e+000
1.462824375135812e-002	3.176946e-001	2.314631e+000
1.465754062635812e-002	2.951314e-001	2.135170e+000
1.468683750135812e-002	2.715473e-001	1.954986e+000
1.471613437635812e-002	2.472384e-001	1.774139e+000
1.474543125135812e-002	2.224338e-001	1.592691e+000
1.477472812635811e-002	1.972962e-001	1.410704e+000
1.480402500135811e-002	1.719348e-001	1.228238e+000
1.483332187635811e-002	1.464212e-001	1.045356e+000
1.486261875135811e-002	1.208024e-001	8.621203e-001
1.489191562635811e-002	9.511009e-002	6.785923e-001
1.492121250135811e-002	6.936646e-002	4.948343e-001
1.497980625135811e-002	1.778877e-002	1.268777e-001
1.500491785850097e-002	-4.347865e-003	-3.099788e-002
1.503002946564382e-002	-2.647032e-002	-1.887676e-001
1.505514107278668e-002	-4.857861e-002	-3.464315e-001
1.508025267992954e-002	-7.067271e-002	-5.039895e-001
1.510536428707239e-002	-9.275264e-002	-6.614418e-001
1.513047589421525e-002	-1.148184e-001	-8.187882e-001
1.515558750135811e-002	-1.368700e-001	-9.760287e-001
1.523929285850096e-002	-2.105433e-001	-1.501371e+000
1.532299821564382e-002	-2.831413e-001	-2.019046e+000
1.540670357278668e-002	-3.546639e-001	-2.529052e+000
1.549040892992953e-002	-4.251112e-001	-3.031390e+000
1.557411428707239e-002	-4.944832e-001	-3.526060e+000
1.565781964421524e-002	-5.627798e-001	-4.013062e+000
1.574152500135810e-002	-6.300011e-001	-4.492395e+000
1.587963884064382e-002	-7.379169e-001	-5.261908e+000
1.601775267992954e-002	-8.385479e-001	-5.979477e+000
1.615586651921526e-002	-9.318942e-001	-6.645099e+000
1.629398035850098e-002	-1.017956e+000	-7.258777e+000
1.643209419778670e-002	-1.096732e+000	-7.820509e+000
1.657020803707242e-002	-1.168224e+000	-8.330295e+000
1.670832187635814e-002	-1.232431e+000	-8.788136e+000
1.698036428707243e-002	-1.327896e+000	-9.468862e+000
1.725240669778673e-002	-1.383967e+000	-9.868690e+000
1.752444910850103e-002	-1.400646e+000	-9.987619e+000
1.779649151921532e-002	-1.377931e+000	-9.825650e+000
1.806853392992962e-002	-1.315824e+000	-9.382782e+000
1.834057634064391e-002	-1.214324e+000	-8.659016e+000
1.861261875135821e-002	-1.073431e+000	-7.654352e+000
1.873399151921536e-002	-1.000313e+000	-7.132976e+000
1.885536428707250e-002	-9.225902e-001	-6.578756e+000
1.897673705492965e-002	-8.402609e-001	-5.991692e+000
1.909810982278680e-002	-7.533256e-001	-5.371783e+000
1.921948259064395e-002	-6.617841e-001	-4.719030e+000
1.934085535850109e-002	-5.656366e-001	-4.033432e+000
1.946222812635824e-002	-4.648831e-001	-3.314991e+000
1.952919241207253e-002	-4.085637e-001	-2.913397e+000
1.959615669778682e-002	-3.517752e-001	-2.508456e+000
1.966312098350111e-002	-2.945174e-001	-2.100168e+000
1.973008526921539e-002	-2.367904e-001	-1.688532e+000
1.979704955492968e-002	-1.785941e-001	-1.273549e+000
1.986401384064397e-002	-1.199286e-001	-8.552191e-001
1.993097812635826e-002	-6.079393e-002	-4.335413e-001
2.001886875135826e-002	1.662164e-002	1.185531e-001
2.007746250135827e-002	6.820123e-002	4.865191e-001
2.010675937635827e-002	9.394675e-002	6.702860e-001
2.013605625135827e-002	1.196418e-001	8.538258e-001
2.016535312635827e-002	1.452646e-001	1.037076e+000
2.019465000135827e-002	1.707838e-001	1.219975e+000
2.022394687635827e-002	1.961534e-001	1.402461e+000
2.025324375135827e-002	2.213031e-001	1.584472e+000
2.028254062635827e-002	2.461256e-001	1.765945e+000
2.031183750135827e-002	2.704611e-001	1.946820e+000
2.034113437635828e-002	2.940831e-001	2.127036e+000
2.037043125135828e-002	3.166985e-001	2.306531e+000
2.039972812635828e-002	3.379733e-001	2.485244e+000
2.042902500135828e-002	3.575918e-001	2.663116e+000
2.045832187635828e-002	3.753293e-001	2.840084e+000
2.048761875135828e-002	3.911022e-001	3.016091e+000
2.051691562635828e-002	4.049712e-001	3.191076e+000
2.054621250135828e-002	4.171017e-001	3.364979e+000
2.057550937635828e-002	4.277099e-001	3.537742e+000
2.060480625135829e-002	4.370191e-001	3.709307e+000
2.063410312635829e-002	4.452337e-001	3.879614e+000
2.069269687635829e-002	4.590537e-001	4.216228e+000
2.078058750135829e-002	4.750864e-001	4.710296e+000
2.083499598350115e-002	4.826581e-001	5.009871e+000
2.088940446564401e-002	4.895504e-001	5.302759e+000
2.094381294778687e-002	4.957633e-001	5.588961e+000
2.099822142992973e-002	5.012967e-001	5.868475e+000
2.105262991207259e-002	5.061506e-001	6.141303e+000
2.110703839421545e-002	5.103252e-001	6.407443e+000
2.116144687635831e-002	5.138202e-001	6.666897e+000
2.127444910850117e-002	5.202099e-001	7.184064e+000
2.138745134064403e-002	5.258463e-001	7.659658e+000
2.150045357278689e-002	5.307296e-001	8.093679e+000
2.161345580492975e-002	5.348598e-001	8.486128e+000
2.172645803707261e-002	5.382367e-001	8.837004e+000
2.183946026921547e-002	5.408606e-001	9.146307e+000
2.195246250135834e-002	5.427312e-001	9.414038e+000
2.216172589421549e-002	5.456479e-001	9.771795e+000
2.237098928707264e-002	5.471630e-001	9.961275e+000
2.258025267992979e-002	5.472764e-001	9.982478e+000
2.278951607278694e-002	5.459881e-001	9.835404e+000
2.299877946564409e-002	5.432982e-001	9.520052e+000
2.320804285850124e-002	5.392066e-001	9.036423e+000
2.341730625135839e-002	5.337133e-001	8.384517e+000
2.350519687635840e-002	5.309454e-001	8.068088e+000
2.359308750135840e-002	5.274108e-001	7.729835e+000
2.368097812635840e-002	5.231093e-001	7.369760e+000
2.376886875135841e-002	5.180410e-001	6.987861e+000
2.385675937635841e-002	5.122060e-001	6.584139e+000
2.394465000135841e-002	5.056041e-001	6.158594e+000
2.403254062635842e-002	4.982355e-001	5.711225e+000
2.407020803707270e-002	4.946058e-001	5.515084e+000
2.410787544778699e-002	4.904293e-001	5.316137e+000
2.414554285850128e-002	4.857061e-001	5.114384e+000
2.418321026921556e-002	4.804360e-001	4.909825e+000
2.422087767992985e-002	4.746193e-001	4.702460e+000
2.425854509064414e-002	4.682558e-001	4.492290e+000
2.429621250135843e-002	4.613455e-001	4.279314e+000
2.435480625135843e-002	4.480912e-001	3.943746e+000
2.438410312635843e-002	4.402421e-001	3.773929e+000
2.441340000135843e-002	4.313684e-001	3.602834e+000
2.444269687635843e-002	4.212766e-001	3.430517e+000
2.447199375135843e-002	4.097493e-001	3.257039e+000
2.450129062635843e-002	3.965640e-001	3.082457e+000
2.453058750135843e-002	3.815294e-001	2.906830e+000
2.455988437635844e-002	3.645374e-001	2.730218e+000
2.458918125135844e-002	3.456130e-001	2.552681e+000
2.461847812635844e-002	3.249310e-001	2.374280e+000
2.464777500135844e-002	3.027821e-001	2.195074e+000
2.467707187635844e-002	2.795026e-001	2.015124e+000
2.470636875135844e-002	2.554063e-001	1.834491e+000
2.473566562635844e-002	2.307458e-001	1.653237e+000
2.476496250135844e-002	2.057047e-001	1.471422e+000
2.479425937635844e-002	1.804084e-001	1.289109e+000
2.482355625135845e-002	1.549394e-001	1.106359e+000
2.485285312635845e-002	1.293515e-001	9.232345e-001
2.488215000135845e-002	1.036809e-001	7.397969e-001
2.491144687635845e-002	7.795225e-002	5.561087e-001
2.497004062635845e-002	2.639021e-002	1.882292e-001
2.505793125135845e-002	-5.102978e-002	-3.639124e-001
2.512489553707274e-002	-1.101896e-001	-7.857709e-001
2.519185982278703e-002	-1.688972e-001	-1.204403e+000
2.525882410850132e-002	-2.271526e-001	-1.619808e+000
2.532578839421561e-002	-2.849558e-001	-2.031988e+000
2.539275267992990e-002	-3.423067e-001	-2.440940e+000
2.545971696564418e-002	-3.992055e-001	-2.846667e+000
2.552668125135847e-002	-4.556520e-001	-3.249166e+000
2.564805401921562e-002	-5.566825e-001	-3.969583e+000
2.576942678707277e-002	-6.531535e-001	-4.657488e+000
2.589079955492991e-002	-7.450650e-001	-5.312880e+000
2.601217232278706e-002	-8.324170e-001	-5.935759e+000
2.613354509064421e-002	-9.152095e-001	-6.526127e+000
2.625491785850136e-002	-9.934425e-001	-7.083981e+000
2.637629062635850e-002	-1.067116e+000	-7.609324e+000
2.662322142992994e-002	-1.197873e+000	-8.541710e+000
2.687015223350138e-002	-1.296245e+000	-9.243171e+000
2.711708303707282e-002	-1.362233e+000	-9.713708e+000
2.736401384064426e-002	-1.395835e+000	-9.953319e+000
2.761094464421569e-002	-1.397054e+000	-9.962006e+000
2.785787544778713e-002	-1.365887e+000	-9.739768e+000
2.810480625135857e-002	-1.302336e+000	-9.286606e+000
2.825129062635857e-002	-1.247348e+000	-8.894503e+000
2.839777500135858e-002	-1.183380e+000	-8.438364e+000
2.854425937635859e-002	-1.110431e+000	-7.918188e+000
2.869074375135859e-002	-1.028501e+000	-7.333975e+000
2.883722812635860e-002	-9.375915e-001	-6.685726e+000
2.898371250135860e-002	-8.377012e-001	-5.973440e+000
2.913019687635861e-002	-7.288305e-001	-5.197117e+000
2.917623482278718e-002	-6.937970e-001	-4.947304e+000
2.922227276921575e-002	-6.582585e-001	-4.693890e+000
2.926831071564433e-002	-6.222152e-001	-4.436876e+000
2.931434866207290e-002	-5.856669e-001	-4.176262e+000
2.936038660850147e-002	-5.486137e-001	-3.912048e+000
2.940642455493005e-002	-5.110557e-001	-3.644233e+000
2.945246250135862e-002	-4.729927e-001	-3.372818e+000
2.948175937635862e-002	-4.486117e-001	-3.198964e+000
2.954453839421577e-002	-3.956550e-001	-2.821348e+000
2.960731741207291e-002	-3.422922e-001	-2.440836e+000
2.967009642993006e-002	-2.885236e-001	-2.057427e+000
2.973287544778720e-002	-2.343489e-001	-1.671123e+000
2.979565446564435e-002	-1.797683e-001	-1.281923e+000
2.985843348350149e-002	-1.247817e-001	-8.898265e-001
2.992121250135864e-002	-6.938922e-002	-4.948343e-001
2.997980625135864e-002	-1.779133e-002	-1.268777e-001
3.000000000000000e-002	1.622047e-014	-7.347880e-015
