#v1	V(vd)	Vvd
#simulazione con valori ricavati da analisi circuito 1 con generatore in dc da 0 a 10 Volt
#si trova la v_on con doppio fit
0	    0	    0
0.01	0.001417562	1.417562
0.02	0.002835108	2.835108
0.03	0.004252652	4.252652
0.04	0.005670187	5.670187
0.05	0.007087714	7.087714
0.06	0.008505233	8.505233
0.07	0.009922744	9.922744
0.08	0.01134025	11.34025
0.09	0.01275774	12.75774
0.1	    0.01417522	14.17522
0.11	0.0155927	15.5927
0.12	0.01701016	17.01016
0.13	0.01842761	18.42761
0.14	0.01984506	19.84506
0.15	0.02126249	21.26249
0.16	0.02267991	22.67991
0.17	0.02409732	24.09732
0.18	0.02551472	25.51472
0.19	0.0269321	26.9321
0.2	    0.02834947	28.34947
0.21	0.02976684	29.76684
0.22	0.03118418	31.18418
0.23	0.03260151	32.60151
0.24	0.03401883	34.01883
0.25	0.03543614	35.43614
0.26	0.03685343	36.85343
0.27	0.0382707	38.2707
0.28	0.03968796	39.68796
0.29	0.0411052	41.1052
0.3	    0.04252242	42.52242
0.31	0.04393963	43.93963
0.32	0.04535682	45.35682
0.33	0.04677399	46.77399
0.34	0.04819114	48.19114
0.35	0.04960827	49.60827
0.36	0.05102538	51.02538
0.37	0.05244247	52.44247
0.38	0.05385954	53.85954
0.39	0.05527658	55.27658
0.4	0.05669361	56.69361
0.41	0.0581106	58.1106
0.42	0.05952758	59.52758
0.43	0.06094453	60.94453
0.44	0.06236145	62.36145
0.45	0.06377835	63.77835
0.46	0.06519522	65.19522
0.47	0.06661206	66.61206
0.48	0.06802887	68.02887
0.49	0.06944565	69.44565
0.5	0.07086241	70.86241
0.51	0.07227913	72.27913
0.52	0.07369581	73.69581
0.53	0.07511246	75.11246
0.54	0.07652908	76.52908
0.55	0.07794566	77.94566
0.56	0.07936221	79.36221
0.57	0.08077871	80.77871
0.58	0.08219518	82.19518
0.59	0.08361161	83.61161
0.6	0.08502799	85.02799
0.61	0.08644433	86.44433
0.62	0.08786063	87.86063
0.63	0.08927688	89.27688
0.64	0.09069308	90.69308
0.65	0.09210923	92.10923
0.66	0.09352534	93.52534
0.67	0.09494139	94.94139
0.68	0.0963574	96.3574
0.69	0.09777334	97.77334
0.7	0.09918923	99.18923
0.71	0.1006051	100.6051
0.72	0.1020208	102.0208
0.73	0.1034365	103.4365
0.74	0.1048522	104.8522
0.75	0.1062678	106.2678
0.76	0.1076833	107.6833
0.77	0.1090987	109.0987
0.78	0.1105141	110.5141
0.790000000000001	0.1119294	111.9294
0.8	0.1133446	113.3446
0.810000000000001	0.1147598	114.7598
0.82	0.1161748	116.1748
0.83	0.1175898	117.5898
0.84	0.1190047	119.0047
0.850000000000001	0.1204195	120.4195
0.860000000000001	0.1218342	121.8342
0.87	0.1232488	123.2488
0.88	0.1246634	124.6634
0.890000000000001	0.1260778	126.0778
0.900000000000001	0.1274921	127.4921
0.910000000000001	0.1289063	128.9063
0.92	0.1303204	130.3204
0.930000000000001	0.1317344	131.7344
0.940000000000001	0.1331483	133.1483
0.950000000000001	0.1345621	134.5621
0.960000000000001	0.1359757	135.9757
0.970000000000001	0.1373892	137.3892
0.980000000000001	0.1388026	138.8026
0.990000000000001	0.1402159	140.2159
1	0.141629	141.629
1.01	0.1430419	143.0419
1.02	0.1444548	144.4548
1.03	0.1458674	145.8674
1.04	0.1472799	147.2799
1.05	0.1486923	148.6923
1.06	0.1501045	150.1045
1.07	0.1515165	151.5165
1.08	0.1529284	152.9284
1.09	0.15434	154.34
1.1	0.1557515	155.7515
1.11	0.1571628	157.1628
1.12	0.1585739	158.5739
1.13	0.1599848	159.9848
1.14	0.1613954	161.3954
1.15	0.1628059	162.8059
1.16	0.1642162	164.2162
1.17	0.1656262	165.6262
1.18	0.167036	167.036
1.19	0.1684455	168.4455
1.2	0.1698548	169.8548
1.21	0.1712638	171.2638
1.22	0.1726726	172.6726
1.23	0.1740811	174.0811
1.24	0.1754893	175.4893
1.25	0.1768972	176.8972
1.26	0.1783048	178.3048
1.27	0.1797122	179.7122
1.28	0.1811192	181.1192
1.29	0.1825259	182.5259
1.3	0.1839322	183.9322
1.31	0.1853382	185.3382
1.32	0.1867439	186.7439
1.33	0.1881492	188.1492
1.34	0.1895541	189.5541
1.35	0.1909586	190.9586
1.36	0.1923627	192.3627
1.37	0.1937664	193.7664
1.38	0.1951697	195.1697
1.39	0.1965726	196.5726
1.4	0.197975	197.975
1.41	0.199377	199.377
1.42	0.2007785	200.7785
1.43	0.2021795	202.1795
1.44	0.20358	203.58
1.45	0.2049799	204.9799
1.46	0.2063794	206.3794
1.47	0.2077783	207.7783
1.48	0.2091766	209.1766
1.49	0.2105744	210.5744
1.5	0.2119716	211.9716
1.51	0.2133682	213.3682
1.52	0.2147641	214.7641
1.53	0.2161594	216.1594
1.54	0.217554	217.554
1.55	0.2189479	218.9479
1.56	0.2203412	220.3412
1.57	0.2217337	221.7337
1.58	0.2231255	223.1255
1.59	0.2245165	224.5165
1.6	0.2259067	225.9067
1.61	0.2272961	227.2961
1.62	0.2286847	228.6847
1.63	0.2300724	230.0724
1.64	0.2314592	231.4592
1.65	0.2328452	232.8452
1.66	0.2342302	234.2302
1.67	0.2356142	235.6142
1.68	0.2369973	236.9973
1.69	0.2383794	238.3794
1.7	0.2397604	239.7604
1.71	0.2411404	241.1404
1.72	0.2425192	242.5192
1.73	0.243897	243.897
1.74	0.2452736	245.2736
1.75	0.246649	246.649
1.76	0.2480232	248.0232
1.77	0.2493961	249.3961
1.78	0.2507678	250.7678
1.79	0.2521382	252.1382
1.8	0.2535072	253.5072
1.81	0.2548748	254.8748
1.82	0.256241	256.241
1.83	0.2576057	257.6057
1.84	0.2589689	258.9689
1.85	0.2603306	260.3306
1.86	0.2616907	261.6907
1.87	0.2630492	263.0492
1.88	0.2644061	264.4061
1.89	0.2657612	265.7612
1.9	0.2671146	267.1146
1.91	0.2684662	268.4662
1.92	0.269816	269.816
1.93	0.2711639	271.1639
1.94	0.2725099	272.5099
1.95	0.2738539	273.8539
1.96	0.2751959	275.1959
1.97	0.2765358	276.5358
1.98	0.2778736	277.8736
1.99	0.2792092	279.2092
2	0.2805426	280.5426
2.01	0.2818738	281.8738
2.02	0.2832026	283.2026
2.03	0.284529	284.529
2.04	0.285853	285.853
2.05	0.2871746	287.1746
2.06	0.2884935	288.4935
2.07	0.2898099	289.8099
2.08	0.2911236	291.1236
2.09	0.2924346	292.4346
2.1	0.2937428	293.7428
2.11	0.2950482	295.0482
2.12	0.2963507	296.3507
2.13	0.2976502	297.6502
2.14	0.2989467	298.9467
2.15	0.3002401	300.2401
2.16	0.3015304	301.5304
2.17	0.3028174	302.8174
2.18	0.3041012	304.1012
2.19	0.3053817	305.3817
2.2	0.3066587	306.6587
2.21	0.3079323	307.9323
2.22	0.3092023	309.2023
2.23	0.3104688	310.4688
2.24	0.3117316	311.7316
2.25	0.3129906	312.9906
2.26	0.3142458	314.2458
2.27	0.3154972	315.4972
2.27999999999999	0.3167447	316.7447
2.29	0.3179881	317.9881
2.29999999999999	0.3192275	319.2275
2.31	0.3204628	320.4628
2.31999999999999	0.3216938	321.6938
2.32999999999999	0.3229206	322.9206
2.33999999999999	0.324143	324.143
2.34999999999999	0.325361	325.361
2.35999999999999	0.3265746	326.5746
2.36999999999999	0.3277836	327.7836
2.37999999999999	0.328988	328.988
2.38999999999999	0.3301878	330.1878
2.39999999999999	0.3313828	331.3828
2.40999999999999	0.3325731	332.5731
2.41999999999999	0.3337585	333.7585
2.42999999999999	0.3349389	334.9389
2.43999999999999	0.3361144	336.1144
2.44999999999999	0.3372849	337.2849
2.45999999999999	0.3384502	338.4502
2.46999999999999	0.3396104	339.6104
2.47999999999999	0.3407654	340.7654
2.48999999999999	0.341915	341.915
2.49999999999999	0.3430594	343.0594
2.50999999999999	0.3441984	344.1984
2.51999999999999	0.3453319	345.3319
2.52999999999999	0.3464599	346.4599
2.53999999999999	0.3475824	347.5824
2.54999999999999	0.3486993	348.6993
2.55999999999999	0.3498106	349.8106
2.56999999999999	0.3509161	350.9161
2.57999999999999	0.352016	352.016
2.58999999999999	0.35311	353.11
2.59999999999999	0.3541983	354.1983
2.60999999999999	0.3552807	355.2807
2.61999999999999	0.3563571	356.3571
2.62999999999999	0.3574277	357.4277
2.63999999999999	0.3584922	358.4922
2.64999999999999	0.3595508	359.5508
2.65999999999999	0.3606033	360.6033
2.66999999999999	0.3616497	361.6497
2.67999999999999	0.3626901	362.6901
2.68999999999999	0.3637243	363.7243
2.69999999999999	0.3647524	364.7524
2.70999999999999	0.3657742	365.7742
2.71999999999999	0.3667899	366.7899
2.72999999999999	0.3677994	367.7994
2.73999999999999	0.3688026	368.8026
2.74999999999998	0.3697996	369.7996
2.75999999999999	0.3707903	370.7903
2.76999999999998	0.3717748	371.7748
2.77999999999999	0.3727529	372.7529
2.78999999999998	0.3737247	373.7247
2.79999999999998	0.3746903	374.6903
2.80999999999998	0.3756495	375.6495
2.81999999999998	0.3766024	376.6024
2.82999999999998	0.377549	377.549
2.83999999999998	0.3784893	378.4893
2.84999999999998	0.3794232	379.4232
2.85999999999998	0.3803509	380.3509
2.86999999999998	0.3812722	381.2722
2.87999999999998	0.3821872	382.1872
2.88999999999998	0.3830959	383.0959
2.89999999999998	0.3839984	383.9984
2.90999999999998	0.3848945	384.8945
2.91999999999998	0.3857844	385.7844
2.92999999999998	0.3866681	386.6681
2.93999999999998	0.3875455	387.5455
2.94999999999998	0.3884167	388.4167
2.95999999999998	0.3892817	389.2817
2.96999999999998	0.3901405	390.1405
2.97999999999998	0.3909931	390.9931
2.98999999999998	0.3918397	391.8397
2.99999999999998	0.3926801	392.6801
3.00999999999998	0.3935144	393.5144
3.01999999999998	0.3943426	394.3426
3.02999999999998	0.3951648	395.1648
3.03999999999998	0.395981	395.981
3.04999999999998	0.3967912	396.7912
3.05999999999998	0.3975955	397.5955
3.06999999999998	0.3983938	398.3938
3.07999999999998	0.3991863	399.1863
3.08999999999998	0.3999729	399.9729
3.09999999999998	0.4007536	400.7536
3.10999999999998	0.4015286	401.5286
3.11999999999998	0.4022977	402.2977
3.12999999999998	0.4030612	403.0612
3.13999999999998	0.403819	403.819
3.14999999999998	0.4045711	404.5711
3.15999999999998	0.4053176	405.3176
3.16999999999998	0.4060585	406.0585
3.17999999999998	0.4067939	406.7939
3.18999999999998	0.4075238	407.5238
3.19999999999998	0.4082482	408.2482
3.20999999999998	0.4089672	408.9672
3.21999999999997	0.4096808	409.6808
3.22999999999997	0.4103891	410.3891
3.23999999999997	0.411092	411.092
3.24999999999998	0.4117897	411.7897
3.25999999999997	0.4124821	412.4821
3.26999999999997	0.4131694	413.1694
3.27999999999997	0.4138515	413.8515
3.28999999999997	0.4145286	414.5286
3.29999999999997	0.4152005	415.2005
3.30999999999997	0.4158675	415.8675
3.31999999999997	0.4165294	416.5294
3.32999999999997	0.4171865	417.1865
3.33999999999997	0.4178386	417.8386
3.34999999999997	0.4184859	418.4859
3.35999999999997	0.4191284	419.1284
3.36999999999997	0.419766	419.766
3.37999999999997	0.420399	420.399
3.38999999999997	0.4210273	421.0273
3.39999999999997	0.421651	421.651
3.40999999999997	0.42227	422.27
3.41999999999997	0.4228845	422.8845
3.42999999999997	0.4234945	423.4945
3.43999999999997	0.4241	424.1
3.44999999999997	0.424701	424.701
3.45999999999997	0.4252976	425.2976
3.46999999999997	0.4258899	425.8899
3.47999999999997	0.4264779	426.4779
3.48999999999997	0.4270616	427.0616
3.49999999999997	0.4276411	427.6411
3.50999999999997	0.4282164	428.2164
3.51999999999997	0.4287875	428.7875
3.52999999999997	0.4293545	429.3545
3.53999999999997	0.4299175	429.9175
3.54999999999997	0.4304764	430.4764
3.55999999999997	0.4310313	431.0313
3.56999999999997	0.4315823	431.5823
3.57999999999997	0.4321293	432.1293
3.58999999999997	0.4326725	432.6725
3.59999999999997	0.4332118	433.2118
3.60999999999997	0.4337473	433.7473
3.61999999999997	0.4342791	434.2791
3.62999999999997	0.4348071	434.8071
3.63999999999997	0.4353314	435.3314
3.64999999999997	0.435852	435.852
3.65999999999997	0.4363691	436.3691
3.66999999999997	0.4368825	436.8825
3.67999999999997	0.4373924	437.3924
3.68999999999996	0.4378988	437.8988
3.69999999999996	0.4384017	438.4017
3.70999999999996	0.4389011	438.9011
3.71999999999996	0.4393972	439.3972
3.72999999999996	0.4398898	439.8898
3.73999999999996	0.4403792	440.3792
3.74999999999996	0.4408652	440.8652
3.75999999999996	0.4413479	441.3479
3.76999999999996	0.4418274	441.8274
3.77999999999996	0.4423037	442.3037
3.78999999999996	0.4427768	442.7768
3.79999999999996	0.4432467	443.2467
3.80999999999996	0.4437135	443.7135
3.81999999999996	0.4441773	444.1773
3.82999999999996	0.444638	444.638
3.83999999999996	0.4450957	445.0957
3.84999999999996	0.4455503	445.5503
3.85999999999996	0.446002	446.002
3.86999999999996	0.4464508	446.4508
3.87999999999996	0.4468967	446.8967
3.88999999999996	0.4473397	447.3397
3.89999999999996	0.4477798	447.7798
3.90999999999996	0.4482171	448.2171
3.91999999999996	0.4486516	448.6516
3.92999999999996	0.4490834	449.0834
3.93999999999996	0.4495124	449.5124
3.94999999999996	0.4499387	449.9387
3.95999999999996	0.4503623	450.3623
3.96999999999996	0.4507833	450.7833
3.97999999999996	0.4512016	451.2016
3.98999999999996	0.4516174	451.6174
3.99999999999996	0.4520305	452.0305
4.00999999999996	0.4524411	452.4411
4.01999999999996	0.4528492	452.8492
4.02999999999996	0.4532548	453.2548
4.03999999999996	0.4536579	453.6579
4.04999999999996	0.4540585	454.0585
4.05999999999996	0.4544567	454.4567
4.06999999999996	0.4548525	454.8525
4.07999999999996	0.4552459	455.2459
4.08999999999996	0.4556369	455.6369
4.09999999999996	0.4560256	456.0256
4.10999999999996	0.456412	456.412
4.11999999999996	0.4567961	456.7961
4.12999999999996	0.457178	457.178
4.13999999999996	0.4575575	457.5575
4.14999999999996	0.4579349	457.9349
4.15999999999996	0.45831	458.31
4.16999999999996	0.458683	458.683
4.17999999999996	0.4590538	459.0538
4.18999999999996	0.4594224	459.4224
4.19999999999996	0.4597889	459.7889
4.20999999999995	0.4601534	460.1534
4.21999999999996	0.4605157	460.5157
4.22999999999995	0.460876	460.876
4.23999999999995	0.4612342	461.2342
4.24999999999995	0.4615904	461.5904
4.25999999999995	0.4619446	461.9446
4.26999999999995	0.4622968	462.2968
4.27999999999995	0.4626471	462.6471
4.28999999999995	0.4629954	462.9954
4.29999999999995	0.4633417	463.3417
4.30999999999995	0.4636861	463.6861
4.31999999999995	0.4640287	464.0287
4.32999999999995	0.4643694	464.3694
4.33999999999995	0.4647081	464.7081
4.34999999999995	0.4650451	465.0451
4.35999999999995	0.4653803	465.3803
4.36999999999995	0.4657136	465.7136
4.37999999999995	0.4660451	466.0451
4.38999999999995	0.4663748	466.3748
4.39999999999995	0.4667028	466.7028
4.40999999999995	0.467029	467.029
4.41999999999995	0.4673535	467.3535
4.42999999999995	0.4676763	467.6763
4.43999999999995	0.4679974	467.9974
4.44999999999995	0.4683168	468.3168
4.45999999999995	0.4686345	468.6345
4.46999999999995	0.4689506	468.9506
4.47999999999995	0.4692651	469.2651
4.48999999999995	0.4695779	469.5779
4.49999999999995	0.4698891	469.8891
4.50999999999995	0.4701987	470.1987
4.51999999999995	0.4705067	470.5067
4.52999999999995	0.4708132	470.8132
4.53999999999995	0.4711181	471.1181
4.54999999999995	0.4714214	471.4214
4.55999999999995	0.4717233	471.7233
4.56999999999995	0.4720235	472.0235
4.57999999999995	0.4723224	472.3224
4.58999999999995	0.4726197	472.6197
4.59999999999995	0.4729155	472.9155
4.60999999999995	0.4732099	473.2099
4.61999999999995	0.4735028	473.5028
4.62999999999995	0.4737943	473.7943
4.63999999999995	0.4740844	474.0844
4.64999999999995	0.4743731	474.3731
4.65999999999995	0.4746603	474.6603
4.66999999999995	0.4749462	474.9462
4.67999999999994	0.4752307	475.2307
4.68999999999994	0.4755138	475.5138
4.69999999999994	0.4757955	475.7955
4.70999999999994	0.4760759	476.0759
4.71999999999994	0.476355	476.355
4.72999999999994	0.4766328	476.6328
4.73999999999994	0.4769093	476.9093
4.74999999999994	0.4771844	477.1844
4.75999999999994	0.4774583	477.4583
4.76999999999994	0.4777308	477.7308
4.77999999999994	0.4780022	478.0022
4.78999999999994	0.4782722	478.2722
4.79999999999994	0.478541	478.541
4.80999999999994	0.4788086	478.8086
4.81999999999994	0.4790749	479.0749
4.82999999999994	0.47934	479.34
4.83999999999994	0.479604	479.604
4.84999999999994	0.4798667	479.8667
4.85999999999994	0.4801282	480.1282
4.86999999999994	0.4803886	480.3886
4.87999999999994	0.4806478	480.6478
4.88999999999994	0.4809058	480.9058
4.89999999999994	0.4811627	481.1627
4.90999999999994	0.4814184	481.4184
4.91999999999994	0.481673	481.673
4.92999999999994	0.4819264	481.9264
4.93999999999994	0.4821788	482.1788
4.94999999999994	0.4824301	482.4301
4.95999999999994	0.4826802	482.6802
4.96999999999994	0.4829293	482.9293
4.97999999999994	0.4831772	483.1772
4.98999999999994	0.4834242	483.4242
4.99999999999994	0.48367	483.67
5.00999999999994	0.4839148	483.9148
5.01999999999994	0.4841585	484.1585
5.02999999999994	0.4844013	484.4013
5.03999999999994	0.4846429	484.6429
5.04999999999994	0.4848836	484.8836
5.05999999999994	0.4851232	485.1232
5.06999999999994	0.4853618	485.3618
5.07999999999994	0.4855994	485.5994
5.08999999999994	0.4858361	485.8361
5.09999999999994	0.4860717	486.0717
5.10999999999994	0.4863064	486.3064
5.11999999999994	0.48654	486.54
5.12999999999994	0.4867728	486.7728
5.13999999999994	0.4870045	487.0045
5.14999999999993	0.4872354	487.2354
5.15999999999993	0.4874652	487.4652
5.16999999999993	0.4876942	487.6942
5.17999999999993	0.4879222	487.9222
5.18999999999993	0.4881493	488.1493
5.19999999999993	0.4883755	488.3755
5.20999999999993	0.4886007	488.6007
5.21999999999993	0.4888251	488.8251
5.22999999999993	0.4890485	489.0485
5.23999999999993	0.4892711	489.2711
5.24999999999993	0.4894928	489.4928
5.25999999999993	0.4897136	489.7136
5.26999999999993	0.4899336	489.9336
5.27999999999993	0.4901527	490.1527
5.28999999999993	0.4903709	490.3709
5.29999999999993	0.4905882	490.5882
5.30999999999993	0.4908048	490.8048
5.31999999999993	0.4910204	491.0204
5.32999999999993	0.4912353	491.2353
5.33999999999993	0.4914493	491.4493
5.34999999999993	0.4916625	491.6625
5.35999999999993	0.4918749	491.8749
5.36999999999993	0.4920865	492.0865
5.37999999999993	0.4922973	492.2973
5.38999999999993	0.4925072	492.5072
5.39999999999993	0.4927164	492.7164
5.40999999999993	0.4929248	492.9248
5.41999999999993	0.4931324	493.1324
5.42999999999993	0.4933392	493.3392
5.43999999999993	0.4935453	493.5453
5.44999999999993	0.4937505	493.7505
5.45999999999993	0.493955	493.955
5.46999999999993	0.4941588	494.1588
5.47999999999993	0.4943618	494.3618
5.48999999999993	0.4945641	494.5641
5.49999999999993	0.4947656	494.7656
5.50999999999993	0.4949664	494.9664
5.51999999999993	0.4951665	495.1665
5.52999999999993	0.4953658	495.3658
5.53999999999993	0.4955644	495.5644
5.54999999999993	0.4957623	495.7623
5.55999999999993	0.4959595	495.9595
5.56999999999993	0.4961559	496.1559
5.57999999999993	0.4963517	496.3517
5.58999999999993	0.4965468	496.5468
5.59999999999993	0.4967411	496.7411
5.60999999999993	0.4969348	496.9348
5.61999999999992	0.4971278	497.1278
5.62999999999992	0.4973201	497.3201
5.63999999999992	0.4975118	497.5118
5.64999999999992	0.4977027	497.7027
5.65999999999992	0.4978931	497.8931
5.66999999999992	0.4980827	498.0827
5.67999999999992	0.4982717	498.2717
5.68999999999992	0.49846	498.46
5.69999999999992	0.4986477	498.6477
5.70999999999992	0.4988347	498.8347
5.71999999999992	0.4990211	499.0211
5.72999999999992	0.4992068	499.2068
5.73999999999992	0.4993919	499.3919
5.74999999999992	0.4995764	499.5764
5.75999999999992	0.4997603	499.7603
5.76999999999992	0.4999435	499.9435
5.77999999999992	0.5001261	500.1261
5.78999999999992	0.5003082	500.3082
5.79999999999992	0.5004895	500.4895
5.80999999999992	0.5006703	500.6703
5.81999999999992	0.5008505	500.8505
5.82999999999992	0.5010301	501.0301
5.83999999999992	0.5012091	501.2091
5.84999999999992	0.5013875	501.3875
5.85999999999992	0.5015653	501.5653
5.86999999999992	0.5017425	501.7425
5.87999999999992	0.5019191	501.9191
5.88999999999992	0.5020952	502.0952
5.89999999999992	0.5022706	502.2706
5.90999999999992	0.5024456	502.4456
5.91999999999992	0.5026199	502.6199
5.92999999999992	0.5027937	502.7937
5.93999999999992	0.5029669	502.9669
5.94999999999992	0.5031396	503.1396
5.95999999999992	0.5033117	503.3117
5.96999999999992	0.5034833	503.4833
5.97999999999992	0.5036543	503.6543
5.98999999999992	0.5038248	503.8248
5.99999999999992	0.5039947	503.9947
6.00999999999992	0.5041641	504.1641
6.01999999999992	0.504333	504.333
6.02999999999992	0.5045013	504.5013
6.03999999999992	0.5046691	504.6691
6.04999999999991	0.5048363	504.8363
6.05999999999992	0.5050031	505.0031
6.06999999999992	0.5051693	505.1693
6.07999999999992	0.505335	505.335
6.08999999999991	0.5055003	505.5003
6.09999999999991	0.5056649	505.6649
6.10999999999991	0.5058291	505.8291
6.11999999999991	0.5059928	505.9928
6.12999999999991	0.506156	506.156
6.13999999999991	0.5063186	506.3186
6.14999999999991	0.5064808	506.4808
6.15999999999991	0.5066425	506.6425
6.16999999999991	0.5068037	506.8037
6.17999999999991	0.5069644	506.9644
6.18999999999991	0.5071247	507.1247
6.19999999999991	0.5072844	507.2844
6.20999999999991	0.5074437	507.4437
6.21999999999991	0.5076025	507.6025
6.22999999999991	0.5077608	507.7608
6.23999999999991	0.5079187	507.9187
6.24999999999991	0.508076	508.076
6.25999999999991	0.508233	508.233
6.26999999999991	0.5083894	508.3894
6.27999999999991	0.5085453	508.5453
6.28999999999991	0.5087009	508.7009
6.29999999999991	0.5088559	508.8559
6.30999999999991	0.5090106	509.0106
6.31999999999991	0.5091648	509.1648
6.32999999999991	0.5093185	509.3185
6.33999999999991	0.5094718	509.4718
6.34999999999991	0.5096246	509.6246
6.35999999999991	0.509777	509.777
6.36999999999991	0.5099289	509.9289
6.37999999999991	0.5100805	510.0805
6.38999999999991	0.5102316	510.2316
6.39999999999991	0.5103822	510.3822
6.40999999999991	0.5105324	510.5324
6.41999999999991	0.5106822	510.6822
6.42999999999991	0.5108316	510.8316
6.43999999999991	0.5109805	510.9805
6.44999999999991	0.511129	511.129
6.45999999999991	0.5112771	511.2771
6.46999999999991	0.5114248	511.4248
6.47999999999991	0.5115721	511.5721
6.48999999999991	0.511719	511.719
6.49999999999991	0.5118654	511.8654
6.50999999999991	0.5120115	512.0115
6.51999999999991	0.5121571	512.1571
6.52999999999991	0.5123024	512.3024
6.53999999999991	0.5124472	512.4472
6.54999999999991	0.5125917	512.5917
6.5599999999999	0.5127357	512.7357
6.5699999999999	0.5128794	512.8794
6.5799999999999	0.5130227	513.0227
6.5899999999999	0.5131655	513.1655
6.5999999999999	0.513308	513.308
6.6099999999999	0.5134501	513.4501
6.6199999999999	0.5135918	513.5918
6.6299999999999	0.5137331	513.7331
6.6399999999999	0.5138741	513.8741
6.6499999999999	0.5140147	514.0147
6.6599999999999	0.5141549	514.1549
6.6699999999999	0.5142947	514.2947
6.6799999999999	0.5144341	514.4341
6.6899999999999	0.5145732	514.5732
6.6999999999999	0.5147119	514.7119
6.7099999999999	0.5148503	514.8503
6.7199999999999	0.5149882	514.9882
6.7299999999999	0.5151258	515.1258
6.7399999999999	0.5152631	515.2631
6.7499999999999	0.5153999	515.3999
6.7599999999999	0.5155365	515.5365
6.7699999999999	0.5156726	515.6726
6.7799999999999	0.5158085	515.8085
6.7899999999999	0.5159439	515.9439
6.7999999999999	0.5160791	516.0791
6.8099999999999	0.5162138	516.2138
6.8199999999999	0.5163482	516.3482
6.8299999999999	0.5164823	516.4823
6.8399999999999	0.516616	516.616
6.8499999999999	0.5167494	516.7494
6.8599999999999	0.5168824	516.8824
6.8699999999999	0.5170152	517.0152
6.8799999999999	0.5171475	517.1475
6.8899999999999	0.5172795	517.2795
6.8999999999999	0.5174112	517.4112
6.9099999999999	0.5175426	517.5426
6.9199999999999	0.5176736	517.6736
6.9299999999999	0.5178043	517.8043
6.9399999999999	0.5179347	517.9347
6.9499999999999	0.5180647	518.0647
6.9599999999999	0.5181944	518.1944
6.9699999999999	0.5183238	518.3238
6.9799999999999	0.5184529	518.4529
6.9899999999999	0.5185816	518.5816
6.9999999999999	0.5187101	518.7101
7.0099999999999	0.5188382	518.8382
7.0199999999999	0.518966	518.966
7.0299999999999	0.5190935	519.0935
7.03999999999989	0.5192207	519.2207
7.04999999999989	0.5193475	519.3475
7.05999999999989	0.519474	519.474
7.06999999999989	0.5196003	519.6003
7.07999999999989	0.5197262	519.7262
7.08999999999989	0.5198519	519.8519
7.09999999999989	0.5199772	519.9772
7.10999999999989	0.5201022	520.1022
7.11999999999989	0.5202269	520.2269
7.12999999999989	0.5203514	520.3514
7.13999999999989	0.5204754	520.4754
7.14999999999989	0.5205992	520.5992
7.15999999999989	0.5207228	520.7228
7.16999999999989	0.520846	520.846
7.17999999999989	0.520969	520.969
7.18999999999989	0.5210916	521.0916
7.19999999999989	0.5212139	521.2139
7.20999999999989	0.521336	521.336
7.21999999999989	0.5214578	521.4578
7.22999999999989	0.5215793	521.5793
7.23999999999989	0.5217005	521.7005
7.24999999999989	0.5218214	521.8214
7.25999999999989	0.521942	521.942
7.26999999999989	0.5220624	522.0624
7.27999999999989	0.5221825	522.1825
7.28999999999989	0.5223023	522.3023
7.29999999999989	0.5224218	522.4218
7.30999999999989	0.522541	522.541
7.31999999999989	0.52266	522.66
7.32999999999989	0.5227786	522.7786
7.33999999999989	0.5228971	522.8971
7.34999999999989	0.5230152	523.0152
7.35999999999989	0.5231331	523.1331
7.36999999999989	0.5232507	523.2507
7.37999999999989	0.523368	523.368
7.38999999999989	0.5234851	523.4851
7.39999999999989	0.5236019	523.6019
7.40999999999989	0.5237184	523.7184
7.41999999999989	0.5238346	523.8346
7.42999999999989	0.5239507	523.9507
7.43999999999989	0.5240664	524.0664
7.44999999999989	0.5241819	524.1819
7.45999999999989	0.5242971	524.2971
7.46999999999989	0.5244121	524.4121
7.47999999999989	0.5245268	524.5268
7.48999999999989	0.5246413	524.6413
7.49999999999989	0.5247555	524.7555
7.50999999999988	0.5248694	524.8694
7.51999999999988	0.5249831	524.9831
7.52999999999988	0.5250965	525.0965
7.53999999999988	0.5252097	525.2097
7.54999999999988	0.5253227	525.3227
7.55999999999988	0.5254354	525.4354
7.56999999999988	0.5255478	525.5478
7.57999999999988	0.52566	525.66
7.58999999999988	0.525772	525.772
7.59999999999988	0.5258837	525.8837
7.60999999999988	0.5259951	525.9951
7.61999999999988	0.5261064	526.1064
7.62999999999988	0.5262173	526.2173
7.63999999999988	0.5263281	526.3281
7.64999999999988	0.5264386	526.4386
7.65999999999988	0.5265489	526.5489
7.66999999999988	0.5266589	526.6589
7.67999999999988	0.5267687	526.7687
7.68999999999988	0.5268782	526.8782
7.69999999999988	0.5269876	526.9876
7.70999999999988	0.5270966	527.0966
7.71999999999988	0.5272055	527.2055
7.72999999999988	0.5273141	527.3141
7.73999999999988	0.5274225	527.4225
7.74999999999988	0.5275306	527.5306
7.75999999999988	0.5276386	527.6386
7.76999999999988	0.5277463	527.7463
7.77999999999988	0.5278537	527.8537
7.78999999999988	0.527961	527.961
7.79999999999988	0.528068	528.068
7.80999999999988	0.5281748	528.1748
7.81999999999988	0.5282814	528.2814
7.82999999999988	0.5283878	528.3878
7.83999999999988	0.5284939	528.4939
7.84999999999988	0.5285998	528.5998
7.85999999999988	0.5287055	528.7055
7.86999999999988	0.528811	528.811
7.87999999999988	0.5289162	528.9162
7.88999999999988	0.5290213	529.0213
7.89999999999988	0.5291261	529.1261
7.90999999999988	0.5292307	529.2307
7.91999999999988	0.5293351	529.3351
7.92999999999988	0.5294393	529.4393
7.93999999999988	0.5295432	529.5432
7.94999999999988	0.529647	529.647
7.95999999999988	0.5297505	529.7505
7.96999999999988	0.5298539	529.8539
7.97999999999987	0.529957	529.957
7.98999999999987	0.5300599	530.0599
7.99999999999987	0.5301626	530.1626
8.00999999999987	0.5302651	530.2651
8.01999999999987	0.5303674	530.3674
8.02999999999987	0.5304695	530.4695
8.03999999999987	0.5305713	530.5713
8.04999999999987	0.530673	530.673
8.05999999999987	0.5307745	530.7745
8.06999999999987	0.5308758	530.8758
8.07999999999987	0.5309768	530.9768
8.08999999999987	0.5310777	531.0777
8.09999999999987	0.5311784	531.1784
8.10999999999987	0.5312788	531.2788
8.11999999999987	0.5313791	531.3791
8.12999999999987	0.5314792	531.4792
8.13999999999987	0.5315791	531.5791
8.14999999999987	0.5316787	531.6787
8.15999999999987	0.5317782	531.7782
8.16999999999987	0.5318775	531.8775
8.17999999999987	0.5319766	531.9766
8.18999999999987	0.5320755	532.0755
8.19999999999987	0.5321742	532.1742
8.20999999999987	0.5322728	532.2728
8.21999999999987	0.532371	532.371
8.22999999999987	0.5324692	532.4692
8.23999999999987	0.5325671	532.5671
8.24999999999987	0.5326649	532.6649
8.25999999999987	0.5327625	532.7625
8.26999999999987	0.5328599	532.8599
8.27999999999987	0.532957	532.957
8.28999999999987	0.5330541	533.0541
8.29999999999987	0.5331509	533.1509
8.30999999999987	0.5332475	533.2475
8.31999999999987	0.533344	533.344
8.32999999999987	0.5334402	533.4402
8.33999999999987	0.5335363	533.5363
8.34999999999987	0.5336322	533.6322
8.35999999999987	0.5337279	533.7279
8.36999999999987	0.5338235	533.8235
8.37999999999987	0.5339189	533.9189
8.38999999999987	0.534014	534.014
8.39999999999987	0.534109	534.109
8.40999999999987	0.5342038	534.2038
8.41999999999987	0.5342985	534.2985
8.42999999999987	0.534393	534.393
8.43999999999986	0.5344872	534.4872
8.44999999999986	0.5345814	534.5814
8.45999999999986	0.5346753	534.6753
8.46999999999986	0.5347691	534.7691
8.47999999999986	0.5348626	534.8626
8.48999999999986	0.534956	534.956
8.49999999999986	0.5350493	535.0493
8.50999999999986	0.5351424	535.1424
8.51999999999986	0.5352353	535.2353
8.52999999999986	0.535328	535.328
8.53999999999986	0.5354206	535.4206
8.54999999999986	0.535513	535.513
8.55999999999986	0.5356052	535.6052
8.56999999999986	0.5356972	535.6972
8.57999999999986	0.5357891	535.7891
8.58999999999986	0.5358809	535.8809
8.59999999999986	0.5359724	535.9724
8.60999999999986	0.5360638	536.0638
8.61999999999986	0.536155	536.155
8.62999999999986	0.5362461	536.2461
8.63999999999986	0.536337	536.337
8.64999999999986	0.5364277	536.4277
8.65999999999986	0.5365182	536.5182
8.66999999999986	0.5366086	536.6086
8.67999999999986	0.5366989	536.6989
8.68999999999986	0.5367889	536.7889
8.69999999999986	0.5368789	536.8789
8.70999999999986	0.5369686	536.9686
8.71999999999986	0.5370582	537.0582
8.72999999999986	0.5371476	537.1476
8.73999999999986	0.5372369	537.2369
8.74999999999986	0.5373261	537.3261
8.75999999999986	0.537415	537.415
8.76999999999986	0.5375038	537.5038
8.77999999999986	0.5375925	537.5925
8.78999999999986	0.537681	537.681
8.79999999999986	0.5377693	537.7693
8.80999999999986	0.5378575	537.8575
8.81999999999986	0.5379455	537.9455
8.82999999999986	0.5380334	538.0334
8.83999999999986	0.5381211	538.1211
8.84999999999986	0.5382087	538.2087
8.85999999999986	0.5382961	538.2961
8.86999999999986	0.5383834	538.3834
8.87999999999986	0.5384705	538.4705
8.88999999999986	0.5385575	538.5575
8.89999999999986	0.5386443	538.6443
8.90999999999985	0.5387309	538.7309
8.91999999999985	0.5388174	538.8174
8.92999999999985	0.5389038	538.9038
8.93999999999985	0.53899	538.99
8.94999999999985	0.5390761	539.0761
8.95999999999985	0.539162	539.162
8.96999999999985	0.5392478	539.2478
8.97999999999985	0.5393334	539.3334
8.98999999999985	0.5394189	539.4189
8.99999999999985	0.5395042	539.5042
9.00999999999985	0.5395894	539.5894
9.01999999999985	0.5396745	539.6745
9.02999999999985	0.5397593	539.7593
9.03999999999985	0.5398441	539.8441
9.04999999999985	0.5399287	539.9287
9.05999999999985	0.5400132	540.0132
9.06999999999985	0.5400975	540.0975
9.07999999999985	0.5401817	540.1817
9.08999999999985	0.5402657	540.2657
9.09999999999985	0.5403497	540.3497
9.10999999999985	0.5404334	540.4334
9.11999999999985	0.540517	540.517
9.12999999999985	0.5406005	540.6005
9.13999999999985	0.5406839	540.6839
9.14999999999985	0.5407671	540.7671
9.15999999999985	0.5408502	540.8502
9.16999999999985	0.5409331	540.9331
9.17999999999985	0.5410159	541.0159
9.18999999999985	0.5410985	541.0985
9.19999999999985	0.541181	541.181
9.20999999999985	0.5412635	541.2635
9.21999999999985	0.5413457	541.3457
9.22999999999985	0.5414278	541.4278
9.23999999999985	0.5415098	541.5098
9.24999999999985	0.5415916	541.5916
9.25999999999985	0.5416734	541.6734
9.26999999999985	0.541755	541.755
9.27999999999985	0.5418364	541.8364
9.28999999999985	0.5419177	541.9177
9.29999999999985	0.5419989	541.9989
9.30999999999985	0.5420799	542.0799
9.31999999999985	0.5421609	542.1609
9.32999999999985	0.5422416	542.2416
9.33999999999985	0.5423223	542.3223
9.34999999999985	0.5424028	542.4028
9.35999999999985	0.5424832	542.4832
9.36999999999985	0.5425635	542.5635
9.37999999999984	0.5426437	542.6437
9.38999999999984	0.5427237	542.7237
9.39999999999984	0.5428035	542.8035
9.40999999999984	0.5428833	542.8833
9.41999999999984	0.5429629	542.9629
9.42999999999984	0.5430424	543.0424
9.43999999999984	0.5431218	543.1218
9.44999999999984	0.543201	543.201
9.45999999999984	0.5432802	543.2802
9.46999999999984	0.5433592	543.3592
9.47999999999984	0.5434381	543.4381
9.48999999999984	0.5435168	543.5168
9.49999999999984	0.5435954	543.5954
9.50999999999984	0.5436739	543.6739
9.51999999999984	0.5437523	543.7523
9.52999999999984	0.5438306	543.8306
9.53999999999984	0.5439087	543.9087
9.54999999999984	0.5439867	543.9867
9.55999999999984	0.5440646	544.0646
9.56999999999984	0.5441424	544.1424
9.57999999999984	0.54422	544.22
9.58999999999984	0.5442976	544.2976
9.59999999999984	0.5443749	544.3749
9.60999999999984	0.5444523	544.4523
9.61999999999984	0.5445294	544.5294
9.62999999999984	0.5446064	544.6064
9.63999999999984	0.5446834	544.6834
9.64999999999984	0.5447602	544.7602
9.65999999999984	0.5448369	544.8369
9.66999999999984	0.5449135	544.9135
9.67999999999984	0.5449899	544.9899
9.68999999999984	0.5450662	545.0662
9.69999999999984	0.5451425	545.1425
9.70999999999984	0.5452186	545.2186
9.71999999999984	0.5452946	545.2946
9.72999999999984	0.5453705	545.3705
9.73999999999984	0.5454462	545.4462
9.74999999999984	0.5455219	545.5219
9.75999999999984	0.5455974	545.5974
9.76999999999984	0.5456728	545.6728
9.77999999999984	0.5457481	545.7481
9.78999999999984	0.5458233	545.8233
9.79999999999984	0.5458983	545.8983
9.80999999999984	0.5459733	545.9733
9.81999999999984	0.5460482	546.0482
9.82999999999984	0.5461229	546.1229
9.83999999999983	0.5461975	546.1975
9.84999999999983	0.546272	546.272
9.85999999999983	0.5463464	546.3464
9.86999999999983	0.5464207	546.4207
9.87999999999983	0.5464949	546.4949
9.88999999999983	0.5465689	546.5689
9.89999999999983	0.5466429	546.6429
9.90999999999983	0.5467167	546.7167
9.91999999999983	0.5467905	546.7905
9.92999999999983	0.5468641	546.8641
9.93999999999983	0.5469376	546.9376
9.94999999999983	0.547011	547.011
9.95999999999983	0.5470843	547.0843
9.96999999999983	0.5471575	547.1575
9.97999999999983	0.5472306	547.2306
9.98999999999983	0.5473036	547.3036
10	0.5473765	547.3765
