time	V(a)	V(out)	V(n001)
0.000000000000000e+000	7.996293e+000	2.880325e+000	1.200000e+001
4.618749988886912e-007	8.141368e+000	2.882889e+000	1.200000e+001
9.237499977773823e-007	8.285816e+000	2.885365e+000	1.200000e+001
1.385624996666073e-006	8.429637e+000	2.887753e+000	1.200000e+001
1.847499995554765e-006	8.572830e+000	2.890053e+000	1.200000e+001
2.309374994443456e-006	8.715396e+000	2.892265e+000	1.200000e+001
2.771249993332147e-006	8.857335e+000	2.894389e+000	1.200000e+001
3.233124992220837e-006	8.998646e+000	2.896425e+000	1.200000e+001
5.186249992220837e-006	9.581882e+000	2.903883e+000	1.200000e+001
7.139374992220837e-006	1.013751e+001	2.910021e+000	1.200000e+001
8.115937492220837e-006	1.040234e+001	2.912683e+000	1.200000e+001
9.092499992220837e-006	1.065719e+001	2.915107e+000	1.200000e+001
1.006906249222084e-005	1.090109e+001	2.917314e+000	1.200000e+001
1.104562499222084e-005	1.113313e+001	2.919321e+000	1.200000e+001
1.202218749222084e-005	1.135245e+001	2.921140e+000	1.200000e+001
1.299874999222084e-005	1.155820e+001	2.922784e+000	1.200000e+001
1.397531249222084e-005	1.174964e+001	2.924263e+000	1.200000e+001
1.495187499222084e-005	1.192603e+001	2.925585e+000	1.200000e+001
1.592843749222084e-005	1.208672e+001	2.926757e+000	1.200000e+001
1.690499999222084e-005	1.223110e+001	2.927786e+000	1.200000e+001
1.788156249222085e-005	1.235864e+001	2.928677e+000	1.200000e+001
1.885812499222085e-005	1.246886e+001	2.929433e+000	1.200000e+001
1.983468749222085e-005	1.256134e+001	2.930059e+000	1.200000e+001
2.081124999222085e-005	1.263574e+001	2.930557e+000	1.200000e+001
2.178781249222085e-005	1.269178e+001	2.930930e+000	1.200000e+001
2.276437499222085e-005	1.272926e+001	2.931178e+000	1.200000e+001
2.374093749222085e-005	1.274803e+001	2.931304e+000	1.200000e+001
2.471749999222085e-005	1.274804e+001	2.931307e+000	1.200000e+001
2.569406249222085e-005	1.272927e+001	2.931188e+000	1.200000e+001
2.667062499222085e-005	1.269181e+001	2.930946e+000	1.200000e+001
2.764718749222085e-005	1.263579e+001	2.930581e+000	1.200000e+001
2.862374999222086e-005	1.256144e+001	2.930090e+000	1.200000e+001
2.960031249222086e-005	1.246903e+001	2.929472e+000	1.200000e+001
3.057687499222086e-005	1.235892e+001	2.928723e+000	1.200000e+001
3.155343749222086e-005	1.223152e+001	2.927841e+000	1.200000e+001
3.252999999222086e-005	1.208731e+001	2.926822e+000	1.200000e+001
3.350656249222086e-005	1.192685e+001	2.925660e+000	1.200000e+001
3.448312499222086e-005	1.175072e+001	2.924349e+000	1.200000e+001
3.545968749222086e-005	1.155962e+001	2.922882e+000	1.200000e+001
3.643624999222086e-005	1.135424e+001	2.921252e+000	1.200000e+001
3.741281249222086e-005	1.113538e+001	2.919449e+000	1.200000e+001
3.838937499222086e-005	1.090385e+001	2.917460e+000	1.200000e+001
3.936593749222086e-005	1.066053e+001	2.915274e+000	1.200000e+001
4.034249999222087e-005	1.040634e+001	2.912874e+000	1.200000e+001
4.229562499222087e-005	9.869215e+000	2.907348e+000	1.200000e+001
4.424874999222087e-005	9.300582e+000	2.900677e+000	1.200000e+001
4.620187499222087e-005	8.709011e+000	2.892540e+000	1.200000e+001
4.717843749222087e-005	8.407400e+000	2.887771e+000	1.200000e+001
4.815499999222087e-005	8.103419e+000	2.882417e+000	1.200000e+001
5.010812499222087e-005	7.492937e+000	2.869381e+000	1.200000e+001
5.206124999222088e-005	6.886767e+000	2.851538e+000	1.200000e+001
5.303781249222088e-005	6.588161e+000	2.839558e+000	1.200000e+001
5.401437499222088e-005	6.294047e+000	2.824005e+000	1.200000e+001
5.499093749222088e-005	6.005534e+000	2.802238e+000	1.200000e+001
5.596749999222088e-005	5.723711e+000	2.768591e+000	1.200000e+001
5.694406249222088e-005	5.449640e+000	2.712864e+000	1.200000e+001
5.792062499222088e-005	5.184356e+000	2.626431e+000	1.200000e+001
5.889718749222088e-005	4.927812e+000	2.514221e+000	1.200000e+001
5.950006271607981e-005	4.774675e+000	2.437965e+000	1.200000e+001
6.099179950338959e-005	4.418035e+000	2.253330e+000	1.200000e+001
6.294492450338959e-005	3.994545e+000	2.033843e+000	1.200000e+001
6.489804950338959e-005	3.627851e+000	1.843602e+000	1.200000e+001
6.685117450338959e-005	3.323749e+000	1.685152e+000	1.200000e+001
6.782773700338959e-005	3.196645e+000	1.618519e+000	1.200000e+001
6.880429950338959e-005	3.086834e+000	1.560589e+000	1.200000e+001
6.978086200338959e-005	2.994732e+000	1.511558e+000	1.200000e+001
7.075742450338959e-005	2.920688e+000	1.471589e+000	1.200000e+001
7.173398700338960e-005	2.864984e+000	1.440816e+000	1.200000e+001
7.271054950338960e-005	2.827831e+000	1.419337e+000	1.200000e+001
7.368711200338960e-005	2.809371e+000	1.407217e+000	1.200000e+001
7.466367450338960e-005	2.809677e+000	1.404489e+000	1.200000e+001
7.564023700338960e-005	2.828750e+000	1.411151e+000	1.200000e+001
7.661679950338960e-005	2.866520e+000	1.427160e+000	1.200000e+001
7.759336200338960e-005	2.922848e+000	1.452440e+000	1.200000e+001
7.856992450338960e-005	2.997524e+000	1.486882e+000	1.200000e+001
7.954648700338960e-005	3.090269e+000	1.530342e+000	1.200000e+001
8.052304950338960e-005	3.200736e+000	1.582638e+000	1.200000e+001
8.149961200338960e-005	3.328513e+000	1.643556e+000	1.200000e+001
8.345273700338961e-005	3.634016e+000	1.790227e+000	1.200000e+001
8.540586200338961e-005	4.002201e+000	1.967947e+000	1.200000e+001
8.735898700338961e-005	4.427549e+000	2.173761e+000	1.200000e+001
8.931211200338961e-005	4.903681e+000	2.404049e+000	1.200000e+001
9.028867450338961e-005	5.158586e+000	2.526070e+000	1.200000e+001
9.126523700338961e-005	5.423169e+000	2.644952e+000	1.200000e+001
9.211325503775707e-005	5.660127e+000	2.730115e+000	1.200000e+001
9.287696622737662e-005	5.879066e+000	2.779217e+000	1.200000e+001
9.367395634924354e-005	6.112637e+000	2.807037e+000	1.200000e+001
9.465051884924354e-005	6.404342e+000	2.828022e+000	1.200000e+001
9.554830700922365e-005	6.677021e+000	2.842046e+000	1.200000e+001
9.652486950922366e-005	6.977768e+000	2.853706e+000	1.200000e+001
9.847799450922366e-005	7.587324e+000	2.871039e+000	1.200000e+001
1.004311195092237e-004	8.200233e+000	2.883775e+000	1.200000e+001
1.014076820092237e-004	8.505070e+000	2.889017e+000	1.200000e+001
1.033608070092237e-004	9.105782e+000	2.897887e+000	1.200000e+001
1.053139320092237e-004	9.687051e+000	2.905108e+000	1.200000e+001
1.072670570092237e-004	1.024015e+001	2.911070e+000	1.200000e+001
1.082436195092237e-004	1.050353e+001	2.913660e+000	1.200000e+001
1.092201820092237e-004	1.075679e+001	2.916020e+000	1.200000e+001
1.101967445092237e-004	1.099898e+001	2.918170e+000	1.200000e+001
1.111733070092237e-004	1.122920e+001	2.920125e+000	1.200000e+001
1.121498695092237e-004	1.144658e+001	2.921897e+000	1.200000e+001
1.131264320092237e-004	1.165030e+001	2.923499e+000	1.200000e+001
1.141029945092237e-004	1.183960e+001	2.924940e+000	1.200000e+001
1.150795570092237e-004	1.201377e+001	2.926227e+000	1.200000e+001
1.160561195092237e-004	1.217215e+001	2.927367e+000	1.200000e+001
1.170326820092237e-004	1.231416e+001	2.928366e+000	1.200000e+001
1.180092445092237e-004	1.243925e+001	2.929229e+000	1.200000e+001
1.189858070092237e-004	1.254697e+001	2.929960e+000	1.200000e+001
1.199623695092237e-004	1.263690e+001	2.930562e+000	1.200000e+001
1.209389320092237e-004	1.270872e+001	2.931037e+000	1.200000e+001
1.219154945092237e-004	1.276214e+001	2.931389e+000	1.200000e+001
1.228920570092237e-004	1.279698e+001	2.931618e+000	1.200000e+001
1.238686195092237e-004	1.281310e+001	2.931725e+000	1.200000e+001
1.248451820092237e-004	1.281045e+001	2.931711e+000	1.200000e+001
1.258217445092237e-004	1.278903e+001	2.931576e+000	1.200000e+001
1.267983070092237e-004	1.274894e+001	2.931319e+000	1.200000e+001
1.277748695092237e-004	1.269031e+001	2.930940e+000	1.200000e+001
1.287514320092237e-004	1.261338e+001	2.930436e+000	1.200000e+001
1.297279945092237e-004	1.251844e+001	2.929805e+000	1.200000e+001
1.307045570092237e-004	1.240585e+001	2.929045e+000	1.200000e+001
1.316811195092237e-004	1.227603e+001	2.928153e+000	1.200000e+001
1.326576820092237e-004	1.212947e+001	2.927123e+000	1.200000e+001
1.336342445092237e-004	1.196673e+001	2.925952e+000	1.200000e+001
1.346108070092237e-004	1.178841e+001	2.924633e+000	1.200000e+001
1.355873695092237e-004	1.159520e+001	2.923159e+000	1.200000e+001
1.365639320092237e-004	1.138783e+001	2.921523e+000	1.200000e+001
1.375404945092237e-004	1.116707e+001	2.919714e+000	1.200000e+001
1.385170570092237e-004	1.093375e+001	2.917722e+000	1.200000e+001
1.394936195092237e-004	1.068877e+001	2.915533e+000	1.200000e+001
1.404701820092237e-004	1.043304e+001	2.913132e+000	1.200000e+001
1.424233070092237e-004	9.893227e+000	2.907610e+000	1.200000e+001
1.443764320092237e-004	9.322453e+000	2.900952e+000	1.200000e+001
1.463295570092237e-004	8.729315e+000	2.892843e+000	1.200000e+001
1.473061195092237e-004	8.427145e+000	2.888098e+000	1.200000e+001
1.482826820092237e-004	8.122753e+000	2.882776e+000	1.200000e+001
1.502358070092237e-004	7.511904e+000	2.869845e+000	1.200000e+001
1.521889320092237e-004	6.905970e+000	2.852217e+000	1.200000e+001
1.531654945092237e-004	6.607705e+000	2.840438e+000	1.200000e+001
1.541420570092237e-004	6.314078e+000	2.825231e+000	1.200000e+001
1.551186195092237e-004	6.026198e+000	2.804123e+000	1.200000e+001
1.560951820092237e-004	5.745148e+000	2.771840e+000	1.200000e+001
1.570717445092237e-004	5.471988e+000	2.718590e+000	1.200000e+001
1.580483070092237e-004	5.207748e+000	2.635307e+000	1.200000e+001
1.590248695092237e-004	4.952375e+000	2.525743e+000	1.200000e+001
1.596312324829478e-004	4.799164e+000	2.450007e+000	1.200000e+001
1.610493445633764e-004	4.461357e+000	2.275210e+000	1.200000e+001
1.630024695633764e-004	4.039371e+000	2.056379e+000	1.200000e+001
1.649555945633765e-004	3.674095e+000	1.866775e+000	1.200000e+001
1.669087195633765e-004	3.371563e+000	1.709056e+000	1.200000e+001
1.678852820633765e-004	3.245292e+000	1.642818e+000	1.200000e+001
1.688618445633765e-004	3.136341e+000	1.585298e+000	1.200000e+001
1.698384070633765e-004	3.045121e+000	1.536689e+000	1.200000e+001
1.708149695633765e-004	2.971979e+000	1.497154e+000	1.200000e+001
1.717915320633765e-004	2.917192e+000	1.466823e+000	1.200000e+001
1.727680945633765e-004	2.880966e+000	1.445792e+000	1.200000e+001
1.737446570633765e-004	2.863441e+000	1.434124e+000	1.200000e+001
1.747212195633765e-004	2.864683e+000	1.431849e+000	1.200000e+001
1.756977820633765e-004	2.884691e+000	1.438963e+000	1.200000e+001
1.766743445633765e-004	2.923391e+000	1.455422e+000	1.200000e+001
1.776509070633765e-004	2.980638e+000	1.481146e+000	1.200000e+001
1.786274695633765e-004	3.056219e+000	1.516024e+000	1.200000e+001
1.796040320633765e-004	3.149851e+000	1.559909e+000	1.200000e+001
1.805805945633765e-004	3.261184e+000	1.612618e+000	1.200000e+001
1.825337195633765e-004	3.535217e+000	1.743607e+000	1.200000e+001
1.844868445633765e-004	3.874210e+000	1.906835e+000	1.200000e+001
1.864399695633765e-004	4.273077e+000	2.099602e+000	1.200000e+001
1.883930945633765e-004	4.725834e+000	2.318623e+000	1.200000e+001
1.893696570633765e-004	4.970325e+000	2.436647e+000	1.200000e+001
1.903462195633765e-004	5.225683e+000	2.557808e+000	1.200000e+001
1.913227820633765e-004	5.490477e+000	2.672918e+000	1.200000e+001
1.920874687221185e-004	5.704300e+000	2.742396e+000	1.200000e+001
1.929513745999114e-004	5.952233e+000	2.789092e+000	1.200000e+001
1.938107979496127e-004	6.204373e+000	2.814652e+000	1.200000e+001
1.947515316738208e-004	6.485896e+000	2.832583e+000	1.200000e+001
1.957280941738208e-004	6.783051e+000	2.846440e+000	1.200000e+001
1.976812191738208e-004	7.388287e+000	2.866045e+000	1.200000e+001
1.996343441738208e-004	8.000625e+000	2.879994e+000	1.200000e+001
2.006109066738208e-004	8.306584e+000	2.885671e+000	1.200000e+001
2.025640316738208e-004	8.912336e+000	2.895210e+000	1.200000e+001
2.045171566738208e-004	9.502302e+000	2.902932e+000	1.200000e+001
2.064702816738208e-004	1.006762e+001	2.909290e+000	1.200000e+001
2.074468441738208e-004	1.033836e+001	2.912052e+000	1.200000e+001
2.084234066738208e-004	1.059979e+001	2.914570e+000	1.200000e+001
2.093999691738208e-004	1.085093e+001	2.916867e+000	1.200000e+001
2.103765316738208e-004	1.109084e+001	2.918959e+000	1.200000e+001
2.113530941738208e-004	1.131860e+001	2.920861e+000	1.200000e+001
2.123296566738208e-004	1.153337e+001	2.922585e+000	1.200000e+001
2.133062191738208e-004	1.173435e+001	2.924143e+000	1.200000e+001
2.142827816738208e-004	1.192076e+001	2.925543e+000	1.200000e+001
2.152593441738208e-004	1.209192e+001	2.926792e+000	1.200000e+001
2.162359066738208e-004	1.224719e+001	2.927896e+000	1.200000e+001
2.172124691738208e-004	1.238597e+001	2.928862e+000	1.200000e+001
2.181890316738208e-004	1.250775e+001	2.929693e+000	1.200000e+001
2.191655941738208e-004	1.261207e+001	2.930394e+000	1.200000e+001
2.201421566738208e-004	1.269855e+001	2.930968e+000	1.200000e+001
2.211187191738208e-004	1.276685e+001	2.931417e+000	1.200000e+001
2.220952816738208e-004	1.281672e+001	2.931742e+000	1.200000e+001
2.230718441738208e-004	1.284797e+001	2.931947e+000	1.200000e+001
2.240484066738208e-004	1.286049e+001	2.932030e+000	1.200000e+001
2.250249691738208e-004	1.285424e+001	2.931993e+000	1.200000e+001
2.260015316738208e-004	1.282923e+001	2.931836e+000	1.200000e+001
2.269780941738208e-004	1.278557e+001	2.931557e+000	1.200000e+001
2.279546566738208e-004	1.272341e+001	2.931157e+000	1.200000e+001
2.289312191738208e-004	1.264300e+001	2.930632e+000	1.200000e+001
2.299077816738208e-004	1.254464e+001	2.929981e+000	1.200000e+001
2.308843441738208e-004	1.242869e+001	2.929201e+000	1.200000e+001
2.318609066738208e-004	1.229561e+001	2.928289e+000	1.200000e+001
2.328374691738208e-004	1.214589e+001	2.927240e+000	1.200000e+001
2.338140316738208e-004	1.198009e+001	2.926049e+000	1.200000e+001
2.347905941738208e-004	1.179884e+001	2.924711e+000	1.200000e+001
2.357671566738208e-004	1.160283e+001	2.923218e+000	1.200000e+001
2.367437191738208e-004	1.139279e+001	2.921563e+000	1.200000e+001
2.377202816738208e-004	1.116951e+001	2.919735e+000	1.200000e+001
2.386968441738209e-004	1.093385e+001	2.917723e+000	1.200000e+001
2.396734066738209e-004	1.068668e+001	2.915514e+000	1.200000e+001
2.406499691738209e-004	1.042893e+001	2.913092e+000	1.200000e+001
2.426030941738209e-004	9.885646e+000	2.907527e+000	1.200000e+001
2.445562191738209e-004	9.312175e+000	2.900823e+000	1.200000e+001
2.465093441738209e-004	8.717154e+000	2.892662e+000	1.200000e+001
2.484624691738209e-004	8.109545e+000	2.882531e+000	1.200000e+001
2.504155941738209e-004	7.498496e+000	2.869518e+000	1.200000e+001
2.523687191738209e-004	6.893209e+000	2.851768e+000	1.200000e+001
2.533452816738209e-004	6.595582e+000	2.839896e+000	1.200000e+001
2.543218441738209e-004	6.302799e+000	2.824550e+000	1.200000e+001
2.552984066738209e-004	6.015964e+000	2.803213e+000	1.200000e+001
2.562749691738209e-004	5.736156e+000	2.770524e+000	1.200000e+001
2.572515316738209e-004	5.464432e+000	2.716688e+000	1.200000e+001
2.582280941738209e-004	5.201814e+000	2.632952e+000	1.200000e+001
2.592046566738209e-004	4.948225e+000	2.523462e+000	1.200000e+001
2.598108156660279e-004	4.796258e+000	2.448158e+000	1.200000e+001
2.612484701055191e-004	4.457161e+000	2.272600e+000	1.200000e+001
2.632015951055191e-004	4.040415e+000	2.056400e+000	1.200000e+001
2.651547201055191e-004	3.681044e+000	1.869748e+000	1.200000e+001
2.671078451055191e-004	3.384929e+000	1.715230e+000	1.200000e+001
2.680844076055191e-004	3.262027e+000	1.650670e+000	1.200000e+001
2.690609701055191e-004	3.156534e+000	1.594873e+000	1.200000e+001
2.700375326055191e-004	3.068850e+000	1.548025e+000	1.200000e+001
2.710140951055191e-004	2.999305e+000	1.510281e+000	1.200000e+001
2.719906576055191e-004	2.948163e+000	1.481765e+000	1.200000e+001
2.729672201055191e-004	2.915617e+000	1.462566e+000	1.200000e+001
2.739437826055191e-004	2.901792e+000	1.452738e+000	1.200000e+001
2.749203451055191e-004	2.906740e+000	1.452305e+000	1.200000e+001
2.758969076055191e-004	2.930445e+000	1.461257e+000	1.200000e+001
2.768734701055192e-004	2.972818e+000	1.479540e+000	1.200000e+001
2.778500326055192e-004	3.033701e+000	1.507068e+000	1.200000e+001
2.788265951055192e-004	3.112866e+000	1.543723e+000	1.200000e+001
2.798031576055192e-004	3.210017e+000	1.589350e+000	1.200000e+001
2.807797201055192e-004	3.324789e+000	1.643760e+000	1.200000e+001
2.827328451055192e-004	3.605409e+000	1.777991e+000	1.200000e+001
2.846859701055192e-004	3.950515e+000	1.944206e+000	1.200000e+001
2.866390951055192e-004	4.354927e+000	2.139638e+000	1.200000e+001
2.885922201055192e-004	4.812572e+000	2.360916e+000	1.200000e+001
2.895687826055192e-004	5.059237e+000	2.479671e+000	1.200000e+001
2.905453451055192e-004	5.316577e+000	2.599156e+000	1.200000e+001
2.915219076055192e-004	5.583096e+000	2.706343e+000	1.200000e+001
2.922550950727300e-004	5.789144e+000	2.763072e+000	1.200000e+001
2.930690089835933e-004	6.023541e+000	2.798373e+000	1.200000e+001
2.938794573756924e-004	6.261736e+000	2.819153e+000	1.200000e+001
2.947459434538714e-004	6.521182e+000	2.834675e+000	1.200000e+001
2.957225059538714e-004	6.818300e+000	2.847905e+000	1.200000e+001
2.976756309538714e-004	7.423272e+000	2.866958e+000	1.200000e+001
2.996287559538714e-004	8.035374e+000	2.880674e+000	1.200000e+001
3.015818809538714e-004	8.645411e+000	2.891245e+000	1.200000e+001
3.035350059538714e-004	9.244215e+000	2.899710e+000	1.200000e+001
3.054881309538714e-004	9.822788e+000	2.906642e+000	1.200000e+001
3.074412559538714e-004	1.037244e+001	2.912387e+000	1.200000e+001
3.084178184538714e-004	1.063382e+001	2.914887e+000	1.200000e+001
3.093943809538714e-004	1.088491e+001	2.917168e+000	1.200000e+001
3.103709434538714e-004	1.112477e+001	2.919246e+000	1.200000e+001
3.113475059538714e-004	1.135250e+001	2.921137e+000	1.200000e+001
3.123240684538714e-004	1.156723e+001	2.922851e+000	1.200000e+001
3.133006309538714e-004	1.176818e+001	2.924400e+000	1.200000e+001
3.142771934538714e-004	1.195457e+001	2.925791e+000	1.200000e+001
3.152537559538714e-004	1.212572e+001	2.927033e+000	1.200000e+001
3.162303184538714e-004	1.228096e+001	2.928132e+000	1.200000e+001
3.172068809538714e-004	1.241973e+001	2.929093e+000	1.200000e+001
3.181834434538714e-004	1.254151e+001	2.929920e+000	1.200000e+001
3.191600059538714e-004	1.264582e+001	2.930617e+000	1.200000e+001
3.201365684538714e-004	1.273229e+001	2.931188e+000	1.200000e+001
3.211131309538714e-004	1.280059e+001	2.931635e+000	1.200000e+001
3.220896934538714e-004	1.285046e+001	2.931959e+000	1.200000e+001
3.230662559538714e-004	1.288171e+001	2.932162e+000	1.200000e+001
3.240428184538714e-004	1.289424e+001	2.932245e+000	1.200000e+001
3.250193809538714e-004	1.288798e+001	2.932209e+000	1.200000e+001
3.259959434538714e-004	1.286298e+001	2.932052e+000	1.200000e+001
3.269725059538714e-004	1.281932e+001	2.931775e+000	1.200000e+001
3.279490684538714e-004	1.275716e+001	2.931376e+000	1.200000e+001
3.289256309538714e-004	1.267675e+001	2.930854e+000	1.200000e+001
3.299021934538714e-004	1.257839e+001	2.930206e+000	1.200000e+001
3.308787559538714e-004	1.246244e+001	2.929430e+000	1.200000e+001
3.318553184538714e-004	1.232935e+001	2.928523e+000	1.200000e+001
3.328318809538714e-004	1.217962e+001	2.927479e+000	1.200000e+001
3.338084434538714e-004	1.201381e+001	2.926294e+000	1.200000e+001
3.347850059538714e-004	1.183254e+001	2.924963e+000	1.200000e+001
3.357615684538714e-004	1.163651e+001	2.923479e+000	1.200000e+001
3.367381309538714e-004	1.142645e+001	2.921833e+000	1.200000e+001
3.377146934538714e-004	1.120315e+001	2.920015e+000	1.200000e+001
3.386912559538714e-004	1.096745e+001	2.918016e+000	1.200000e+001
3.396678184538714e-004	1.072024e+001	2.915821e+000	1.200000e+001
3.406443809538714e-004	1.046245e+001	2.913414e+000	1.200000e+001
3.425975059538714e-004	9.919065e+000	2.907890e+000	1.200000e+001
3.445506309538714e-004	9.345470e+000	2.901239e+000	1.200000e+001
3.465037559538714e-004	8.750302e+000	2.893156e+000	1.200000e+001
3.484568809538714e-004	8.142520e+000	2.883140e+000	1.200000e+001
3.504100059538714e-004	7.531273e+000	2.870314e+000	1.200000e+001
3.523631309538714e-004	6.925764e+000	2.852908e+000	1.200000e+001
3.533396934538714e-004	6.628016e+000	2.841338e+000	1.200000e+001
3.543162559538714e-004	6.335107e+000	2.826539e+000	1.200000e+001
3.552928184538714e-004	6.048139e+000	2.806190e+000	1.200000e+001
3.562693809538714e-004	5.768193e+000	2.775271e+000	1.200000e+001
3.572459434538714e-004	5.496325e+000	2.724574e+000	1.200000e+001
3.582225059538714e-004	5.233557e+000	2.644824e+000	1.200000e+001
3.591990684538714e-004	4.979825e+000	2.538430e+000	1.200000e+001
3.598089403054774e-004	4.826861e+000	2.463503e+000	1.200000e+001
3.611582612932576e-004	4.507397e+000	2.298351e+000	1.200000e+001
3.631113862932576e-004	4.088256e+000	2.080841e+000	1.200000e+001
3.650645112932576e-004	3.725902e+000	1.892617e+000	1.200000e+001
3.670176362932576e-004	3.426575e+000	1.736440e+000	1.200000e+001
3.679941987932576e-004	3.301995e+000	1.671022e+000	1.200000e+001
3.689707612932576e-004	3.194786e+000	1.614349e+000	1.200000e+001
3.699473237932576e-004	3.105350e+000	1.566611e+000	1.200000e+001
3.709238862932576e-004	3.034027e+000	1.527965e+000	1.200000e+001
3.719004487932576e-004	2.981086e+000	1.498537e+000	1.200000e+001
3.728770112932576e-004	2.946726e+000	1.478420e+000	1.200000e+001
3.738535737932577e-004	2.931078e+000	1.467671e+000	1.200000e+001
3.748301362932577e-004	2.934202e+000	1.466318e+000	1.200000e+001
3.758066987932577e-004	2.956088e+000	1.474351e+000	1.200000e+001
3.767832612932577e-004	2.996652e+000	1.491723e+000	1.200000e+001
3.777598237932577e-004	3.055745e+000	1.518348e+000	1.200000e+001
3.787363862932577e-004	3.133145e+000	1.554113e+000	1.200000e+001
3.797129487932577e-004	3.228560e+000	1.598866e+000	1.200000e+001
3.806895112932577e-004	3.341633e+000	1.652419e+000	1.200000e+001
3.826426362932577e-004	3.618990e+000	1.785006e+000	1.200000e+001
3.845957612932577e-004	3.961051e+000	1.949685e+000	1.200000e+001
3.865488862932577e-004	4.362679e+000	2.143712e+000	1.200000e+001
3.885020112932577e-004	4.817839e+000	2.363732e+000	1.200000e+001
3.894785737932577e-004	5.063385e+000	2.481907e+000	1.200000e+001
3.904551362932577e-004	5.319693e+000	2.600772e+000	1.200000e+001
3.914316987932577e-004	5.585272e+000	2.707203e+000	1.200000e+001
3.921676865141843e-004	5.791469e+000	2.763613e+000	1.200000e+001
3.929826695866598e-004	6.025548e+000	2.798606e+000	1.200000e+001
3.937979499334824e-004	6.264617e+000	2.819352e+000	1.200000e+001
3.946674073749305e-004	6.524457e+000	2.834846e+000	1.200000e+001
3.956439698749305e-004	6.821114e+000	2.848016e+000	1.200000e+001
3.975970948749305e-004	7.425440e+000	2.867015e+000	1.200000e+001
3.995502198749305e-004	8.037268e+000	2.880711e+000	1.200000e+001
4.015033448749305e-004	8.647399e+000	2.891275e+000	1.200000e+001
4.034564698749305e-004	9.246665e+000	2.899742e+000	1.200000e+001
4.054095948749305e-004	9.826059e+000	2.906678e+000	1.200000e+001
4.073627198749305e-004	1.037687e+001	2.912430e+000	1.200000e+001
4.083392823749305e-004	1.063896e+001	2.914935e+000	1.200000e+001
4.093158448749305e-004	1.089083e+001	2.917220e+000	1.200000e+001
4.102924073749305e-004	1.113155e+001	2.919303e+000	1.200000e+001
4.112689698749305e-004	1.136020e+001	2.921199e+000	1.200000e+001
4.122455323749305e-004	1.157594e+001	2.922919e+000	1.200000e+001
4.132220948749305e-004	1.177794e+001	2.924473e+000	1.200000e+001
4.141986573749305e-004	1.196545e+001	2.925870e+000	1.200000e+001
4.151752198749305e-004	1.213777e+001	2.927119e+000	1.200000e+001
4.161517823749305e-004	1.229424e+001	2.928224e+000	1.200000e+001
4.171283448749305e-004	1.243427e+001	2.929191e+000	1.200000e+001
4.181049073749305e-004	1.255735e+001	2.930026e+000	1.200000e+001
4.190814698749305e-004	1.266301e+001	2.930730e+000	1.200000e+001
4.200580323749305e-004	1.275085e+001	2.931309e+000	1.200000e+001
4.210345948749306e-004	1.282054e+001	2.931763e+000	1.200000e+001
4.220111573749306e-004	1.287182e+001	2.932096e+000	1.200000e+001
4.229877198749306e-004	1.290450e+001	2.932307e+000	1.200000e+001
4.239642823749306e-004	1.291846e+001	2.932399e+000	1.200000e+001
4.249408448749306e-004	1.291364e+001	2.932372e+000	1.200000e+001
4.259174073749306e-004	1.289006e+001	2.932225e+000	1.200000e+001
4.268939698749306e-004	1.284782e+001	2.931958e+000	1.200000e+001
4.278705323749306e-004	1.278707e+001	2.931570e+000	1.200000e+001
4.288470948749306e-004	1.270804e+001	2.931059e+000	1.200000e+001
4.298236573749306e-004	1.261103e+001	2.930423e+000	1.200000e+001
4.308002198749306e-004	1.249641e+001	2.929660e+000	1.200000e+001
4.317767823749306e-004	1.236461e+001	2.928765e+000	1.200000e+001
4.327533448749306e-004	1.221612e+001	2.927736e+000	1.200000e+001
4.337299073749306e-004	1.205150e+001	2.926567e+000	1.200000e+001
4.347064698749306e-004	1.187138e+001	2.925252e+000	1.200000e+001
4.356830323749306e-004	1.167644e+001	2.923785e+000	1.200000e+001
4.366595948749306e-004	1.146740e+001	2.922158e+000	1.200000e+001
4.376361573749306e-004	1.124506e+001	2.920362e+000	1.200000e+001
4.386127198749306e-004	1.101025e+001	2.918386e+000	1.200000e+001
4.395892823749306e-004	1.076386e+001	2.916216e+000	1.200000e+001
4.405658448749306e-004	1.050682e+001	2.913838e+000	1.200000e+001
4.425189698749306e-004	9.964678e+000	2.908380e+000	1.200000e+001
4.444720948749306e-004	9.391989e+000	2.901816e+000	1.200000e+001
4.464252198749306e-004	8.797375e+000	2.893849e+000	1.200000e+001
4.483783448749306e-004	8.189781e+000	2.884001e+000	1.200000e+001
4.503314698749306e-004	7.578355e+000	2.871436e+000	1.200000e+001
4.522845948749306e-004	6.972298e+000	2.854493e+000	1.200000e+001
4.532611573749306e-004	6.674139e+000	2.843318e+000	1.200000e+001
4.542377198749306e-004	6.380730e+000	2.829146e+000	1.200000e+001
4.552142823749306e-004	6.093174e+000	2.809924e+000	1.200000e+001
4.561908448749306e-004	5.812556e+000	2.781249e+000	1.200000e+001
4.571674073749306e-004	5.539930e+000	2.734623e+000	1.200000e+001
4.581439698749306e-004	5.276325e+000	2.660110e+000	1.200000e+001
4.591205323749306e-004	5.021740e+000	2.557929e+000	1.200000e+001
4.597503657107126e-004	4.863281e+000	2.481728e+000	1.200000e+001
4.603967020841133e-004	4.706275e+000	2.401211e+000	1.200000e+001
4.620057660416701e-004	4.341008e+000	2.211748e+000	1.200000e+001
4.639588910416701e-004	3.945202e+000	2.006287e+000	1.200000e+001
4.659120160416701e-004	3.609447e+000	1.831598e+000	1.200000e+001
4.678651410416701e-004	3.338797e+000	1.689894e+000	1.200000e+001
4.688417035416701e-004	3.229201e+000	1.632012e+000	1.200000e+001
4.698182660416701e-004	3.137330e+000	1.583041e+000	1.200000e+001
4.707948285416701e-004	3.063530e+000	1.543145e+000	1.200000e+001
4.717713910416701e-004	3.008080e+000	1.512454e+000	1.200000e+001
4.727479535416701e-004	2.971190e+000	1.491062e+000	1.200000e+001
4.737245160416701e-004	2.953000e+000	1.479034e+000	1.200000e+001
4.747010785416701e-004	2.953577e+000	1.476401e+000	1.200000e+001
4.756776410416701e-004	2.972921e+000	1.483158e+000	1.200000e+001
4.766542035416701e-004	3.010960e+000	1.499260e+000	1.200000e+001
4.776307660416701e-004	3.067551e+000	1.524630e+000	1.200000e+001
4.786073285416701e-004	3.142482e+000	1.559157e+000	1.200000e+001
4.795838910416701e-004	3.235471e+000	1.602693e+000	1.200000e+001
4.805604535416701e-004	3.346170e+000	1.655056e+000	1.200000e+001
4.825135785416701e-004	3.618966e+000	1.785359e+000	1.200000e+001
4.844667035416702e-004	3.956773e+000	1.947912e+000	1.200000e+001
4.864198285416702e-004	4.354516e+000	2.140005e+000	1.200000e+001
4.883729535416702e-004	4.806216e+000	2.358321e+000	1.200000e+001
4.893495160416702e-004	5.050209e+000	2.475792e+000	1.200000e+001
4.903260785416702e-004	5.305087e+000	2.594510e+000	1.200000e+001
4.913026410416702e-004	5.569358e+000	2.702128e+000	1.200000e+001
4.920391202874676e-004	5.774810e+000	2.760206e+000	1.200000e+001
4.928620961586817e-004	6.010310e+000	2.796928e+000	1.200000e+001
4.936765854135220e-004	6.248389e+000	2.818214e+000	1.200000e+001
4.945478222272229e-004	6.508070e+000	2.833999e+000	1.200000e+001
4.955243847272229e-004	6.804082e+000	2.847359e+000	1.200000e+001
4.974775097272229e-004	7.407531e+000	2.866548e+000	1.200000e+001
4.994306347272229e-004	8.019041e+000	2.880356e+000	1.200000e+001
5.013837597272229e-004	8.629421e+000	2.890996e+000	1.200000e+001
5.033368847272229e-004	9.229495e+000	2.899519e+000	1.200000e+001
5.052900097272229e-004	9.810242e+000	2.906502e+000	1.200000e+001
5.072431347272229e-004	1.036293e+001	2.912293e+000	1.200000e+001
5.082196972272229e-004	1.062614e+001	2.914815e+000	1.200000e+001
5.091962597272229e-004	1.087925e+001	2.917117e+000	1.200000e+001
5.101728222272229e-004	1.112133e+001	2.919216e+000	1.200000e+001
5.111493847272229e-004	1.135145e+001	2.921127e+000	1.200000e+001
5.121259472272229e-004	1.156876e+001	2.922862e+000	1.200000e+001
5.131025097272229e-004	1.177242e+001	2.924431e+000	1.200000e+001
5.140790722272229e-004	1.196169e+001	2.925842e+000	1.200000e+001
5.150556347272229e-004	1.213584e+001	2.927104e+000	1.200000e+001
5.160321972272229e-004	1.229423e+001	2.928223e+000	1.200000e+001
5.170087597272229e-004	1.243625e+001	2.929204e+000	1.200000e+001
5.179853222272229e-004	1.256138e+001	2.930052e+000	1.200000e+001
5.189618847272229e-004	1.266913e+001	2.930770e+000	1.200000e+001
5.199384472272229e-004	1.275912e+001	2.931362e+000	1.200000e+001
5.209150097272229e-004	1.283099e+001	2.931830e+000	1.200000e+001
5.218915722272229e-004	1.288448e+001	2.932176e+000	1.200000e+001
5.228681347272229e-004	1.291939e+001	2.932401e+000	1.200000e+001
5.238446972272229e-004	1.293559e+001	2.932507e+000	1.200000e+001
5.248212597272229e-004	1.293302e+001	2.932494e+000	1.200000e+001
5.257978222272229e-004	1.291168e+001	2.932362e+000	1.200000e+001
5.267743847272229e-004	1.287166e+001	2.932110e+000	1.200000e+001
5.277509472272229e-004	1.281311e+001	2.931737e+000	1.200000e+001
5.287275097272229e-004	1.273625e+001	2.931242e+000	1.200000e+001
5.297040722272229e-004	1.264137e+001	2.930623e+000	1.200000e+001
5.306806347272229e-004	1.252883e+001	2.929877e+000	1.200000e+001
5.316571972272229e-004	1.239905e+001	2.929001e+000	1.200000e+001
5.326337597272229e-004	1.225252e+001	2.927990e+000	1.200000e+001
5.336103222272229e-004	1.208979e+001	2.926841e+000	1.200000e+001
5.345868847272229e-004	1.191148e+001	2.925548e+000	1.200000e+001
5.355634472272229e-004	1.171826e+001	2.924104e+000	1.200000e+001
5.365400097272229e-004	1.151085e+001	2.922501e+000	1.200000e+001
5.375165722272229e-004	1.129004e+001	2.920731e+000	1.200000e+001
5.384931347272229e-004	1.105666e+001	2.918783e+000	1.200000e+001
5.394696972272229e-004	1.081159e+001	2.916644e+000	1.200000e+001
5.404462597272229e-004	1.055575e+001	2.914300e+000	1.200000e+001
5.414228222272229e-004	1.029010e+001	2.911733e+000	1.200000e+001
5.433759472272229e-004	9.733412e+000	2.905840e+000	1.200000e+001
5.453290722272229e-004	9.149915e+000	2.898735e+000	1.200000e+001
5.472821972272229e-004	8.548386e+000	2.890060e+000	1.200000e+001
5.492353222272229e-004	7.937875e+000	2.879222e+000	1.200000e+001
5.511884472272229e-004	7.327571e+000	2.865133e+000	1.200000e+001
5.521650097272229e-004	7.025370e+000	2.856240e+000	1.200000e+001
5.531415722272229e-004	6.726656e+000	2.845480e+000	1.200000e+001
5.541181347272229e-004	6.432555e+000	2.831956e+000	1.200000e+001
5.550946972272229e-004	6.144174e+000	2.813868e+000	1.200000e+001
5.560712597272229e-004	5.862597e+000	2.787415e+000	1.200000e+001
5.570478222272229e-004	5.588887e+000	2.744940e+000	1.200000e+001
5.580243847272229e-004	5.324074e+000	2.676135e+000	1.200000e+001
5.590009472272229e-004	5.068281e+000	2.578877e+000	1.200000e+001
5.596698036443712e-004	4.899016e+000	2.499516e+000	1.200000e+001
5.602309829265524e-004	4.761598e+000	2.429633e+000	1.200000e+001
5.617591700372185e-004	4.410757e+000	2.247772e+000	1.200000e+001
5.637122950372185e-004	4.007678e+000	2.038518e+000	1.200000e+001
5.656654200372185e-004	3.663945e+000	1.859743e+000	1.200000e+001
5.676185450372185e-004	3.384732e+000	1.713697e+000	1.200000e+001
5.685951075372185e-004	3.270674e+000	1.653562e+000	1.200000e+001
5.695716700372185e-004	3.174244e+000	1.602295e+000	1.200000e+001
5.705482325372185e-004	3.095804e+000	1.560064e+000	1.200000e+001
5.715247950372185e-004	3.035650e+000	1.527008e+000	1.200000e+001
5.725013575372185e-004	2.994010e+000	1.503233e+000	1.200000e+001
5.734779200372185e-004	2.971041e+000	1.488809e+000	1.200000e+001
5.744544825372185e-004	2.966829e+000	1.483774e+000	1.200000e+001
5.754310450372185e-004	2.981391e+000	1.488132e+000	1.200000e+001
5.764076075372185e-004	3.014673e+000	1.501852e+000	1.200000e+001
5.773841700372185e-004	3.066549e+000	1.524864e+000	1.200000e+001
5.783607325372185e-004	3.136826e+000	1.557064e+000	1.200000e+001
5.793372950372185e-004	3.225239e+000	1.598312e+000	1.200000e+001
5.803138575372185e-004	3.331456e+000	1.648437e+000	1.200000e+001
5.822669825372185e-004	3.595640e+000	1.774446e+000	1.200000e+001
5.842201075372185e-004	3.925407e+000	1.933005e+000	1.200000e+001
5.861732325372185e-004	4.315803e+000	2.121472e+000	1.200000e+001
5.881263575372185e-004	4.760959e+000	2.336614e+000	1.200000e+001
5.891029200372185e-004	5.002010e+000	2.452820e+000	1.200000e+001
5.900794825372185e-004	5.254183e+000	2.571770e+000	1.200000e+001
5.910560450372185e-004	5.516018e+000	2.683359e+000	1.200000e+001
5.918091338322084e-004	5.724469e+000	2.748289e+000	1.200000e+001
5.926578896575002e-004	5.965979e+000	2.790900e+000	1.200000e+001
5.936094509249063e-004	6.243071e+000	2.817590e+000	1.200000e+001
5.944770127723696e-004	6.501037e+000	2.833701e+000	1.200000e+001
5.954535752723696e-004	6.796659e+000	2.847101e+000	1.200000e+001
5.974067002723696e-004	7.399555e+000	2.866338e+000	1.200000e+001
5.993598252723696e-004	8.010846e+000	2.880195e+000	1.200000e+001
6.013129502723696e-004	8.621341e+000	2.890870e+000	1.200000e+001
6.032660752723696e-004	9.221860e+000	2.899420e+000	1.200000e+001
6.052192002723696e-004	9.803376e+000	2.906425e+000	1.200000e+001
6.071723252723696e-004	1.035715e+001	2.912236e+000	1.200000e+001
6.081488877723696e-004	1.062100e+001	2.914767e+000	1.200000e+001
6.091254502723696e-004	1.087484e+001	2.917078e+000	1.200000e+001
6.101020127723696e-004	1.111771e+001	2.919185e+000	1.200000e+001
6.110785752723696e-004	1.134868e+001	2.921104e+000	1.200000e+001
6.120551377723696e-004	1.156690e+001	2.922847e+000	1.200000e+001
6.130317002723696e-004	1.177154e+001	2.924424e+000	1.200000e+001
6.140082627723696e-004	1.196184e+001	2.925843e+000	1.200000e+001
6.149848252723696e-004	1.213707e+001	2.927113e+000	1.200000e+001
6.159613877723696e-004	1.229658e+001	2.928239e+000	1.200000e+001
6.169379502723696e-004	1.243976e+001	2.929228e+000	1.200000e+001
6.179145127723696e-004	1.256609e+001	2.930083e+000	1.200000e+001
6.188910752723696e-004	1.267508e+001	2.930809e+000	1.200000e+001
6.198676377723696e-004	1.276632e+001	2.931408e+000	1.200000e+001
6.208442002723696e-004	1.283948e+001	2.931884e+000	1.200000e+001
6.218207627723696e-004	1.289427e+001	2.932238e+000	1.200000e+001
6.227973252723696e-004	1.293049e+001	2.932471e+000	1.200000e+001
6.237738877723696e-004	1.294801e+001	2.932585e+000	1.200000e+001
6.247504502723696e-004	1.294675e+001	2.932581e+000	1.200000e+001
6.257270127723696e-004	1.292673e+001	2.932457e+000	1.200000e+001
6.267035752723696e-004	1.288802e+001	2.932214e+000	1.200000e+001
6.276801377723696e-004	1.283077e+001	2.931850e+000	1.200000e+001
6.286567002723696e-004	1.275519e+001	2.931365e+000	1.200000e+001
6.296332627723696e-004	1.266156e+001	2.930756e+000	1.200000e+001
6.306098252723696e-004	1.255025e+001	2.930020e+000	1.200000e+001
6.315863877723696e-004	1.242167e+001	2.929155e+000	1.200000e+001
6.325629502723696e-004	1.227629e+001	2.928156e+000	1.200000e+001
6.335395127723696e-004	1.211468e+001	2.927019e+000	1.200000e+001
6.345160752723696e-004	1.193744e+001	2.925739e+000	1.200000e+001
6.354926377723696e-004	1.174524e+001	2.924309e+000	1.200000e+001
6.364692002723696e-004	1.153880e+001	2.922721e+000	1.200000e+001
6.374457627723696e-004	1.131889e+001	2.920966e+000	1.200000e+001
6.384223252723696e-004	1.108636e+001	2.919035e+000	1.200000e+001
6.393988877723696e-004	1.084206e+001	2.916915e+000	1.200000e+001
6.403754502723696e-004	1.058693e+001	2.914592e+000	1.200000e+001
6.413520127723696e-004	1.032192e+001	2.912048e+000	1.200000e+001
6.433051377723696e-004	9.766289e+000	2.906210e+000	1.200000e+001
6.452582627723696e-004	9.183537e+000	2.899175e+000	1.200000e+001
6.472113877723696e-004	8.582429e+000	2.890597e+000	1.200000e+001
6.491645127723696e-004	7.972009e+000	2.879899e+000	1.200000e+001
6.511176377723696e-004	7.361462e+000	2.866035e+000	1.200000e+001
6.530707627723696e-004	6.759974e+000	2.846804e+000	1.200000e+001
6.540473252723696e-004	6.465464e+000	2.833663e+000	1.200000e+001
6.550238877723696e-004	6.176594e+000	2.816235e+000	1.200000e+001
6.560004502723696e-004	5.894452e+000	2.791056e+000	1.200000e+001
6.569770127723696e-004	5.620100e+000	2.751019e+000	1.200000e+001
6.579535752723696e-004	5.354571e+000	2.685778e+000	1.200000e+001
6.589301377723696e-004	5.098114e+000	2.591774e+000	1.200000e+001
6.596408310429730e-004	4.917834e+000	2.508700e+000	1.200000e+001
6.602044358017913e-004	4.779539e+000	2.438764e+000	1.200000e+001
6.617321952896438e-004	4.428190e+000	2.256693e+000	1.200000e+001
6.636853202896438e-004	4.024260e+000	2.046974e+000	1.200000e+001
6.656384452896438e-004	3.679599e+000	1.867709e+000	1.200000e+001
6.675915702896438e-004	3.399394e+000	1.721149e+000	1.200000e+001
6.685681327896438e-004	3.284820e+000	1.660749e+000	1.200000e+001
6.695446952896438e-004	3.187863e+000	1.609213e+000	1.200000e+001
6.705212577896438e-004	3.108887e+000	1.566709e+000	1.200000e+001
6.714978202896438e-004	3.048190e+000	1.533377e+000	1.200000e+001
6.724743827896438e-004	3.006001e+000	1.509323e+000	1.200000e+001
6.734509452896438e-004	2.982480e+000	1.494620e+000	1.200000e+001
6.744275077896438e-004	2.977715e+000	1.489304e+000	1.200000e+001
6.754040702896438e-004	2.991725e+000	1.493383e+000	1.200000e+001
6.763806327896438e-004	3.024457e+000	1.506825e+000	1.200000e+001
6.773571952896438e-004	3.075788e+000	1.529562e+000	1.200000e+001
6.783337577896438e-004	3.145526e+000	1.561488e+000	1.200000e+001
6.793103202896438e-004	3.233408e+000	1.602469e+000	1.200000e+001
6.802868827896438e-004	3.339105e+000	1.652331e+000	1.200000e+001
6.822400077896438e-004	3.602285e+000	1.777832e+000	1.200000e+001
6.841931327896438e-004	3.931112e+000	1.935914e+000	1.200000e+001
6.861462577896438e-004	4.320642e+000	2.123941e+000	1.200000e+001
6.880993827896438e-004	4.765018e+000	2.338684e+000	1.200000e+001
6.890759452896438e-004	5.005717e+000	2.454701e+000	1.200000e+001
6.900525077896438e-004	5.257563e+000	2.573406e+000	1.200000e+001
6.910290702896438e-004	5.519093e+000	2.684577e+000	1.200000e+001
6.917811373367396e-004	5.727042e+000	2.748999e+000	1.200000e+001
6.926282698386633e-004	5.967715e+000	2.791478e+000	1.200000e+001
6.934879207889926e-004	6.217603e+000	2.815841e+000	1.200000e+001
6.943909661571988e-004	6.485643e+000	2.832834e+000	1.200000e+001
6.953675286571988e-004	6.780743e+000	2.846481e+000	1.200000e+001
6.973206536571988e-004	7.382995e+000	2.865901e+000	1.200000e+001
6.992737786571988e-004	7.994046e+000	2.879864e+000	1.200000e+001
7.012269036571988e-004	8.604706e+000	2.890609e+000	1.200000e+001
7.031800286571988e-004	9.205794e+000	2.899210e+000	1.200000e+001
7.051331536571988e-004	9.788271e+000	2.906256e+000	1.200000e+001
7.070862786571988e-004	1.034338e+001	2.912100e+000	1.200000e+001
7.080628411571988e-004	1.060804e+001	2.914645e+000	1.200000e+001
7.090394036571988e-004	1.086277e+001	2.916970e+000	1.200000e+001
7.100159661571988e-004	1.110661e+001	2.919091e+000	1.200000e+001
7.109925286571988e-004	1.133864e+001	2.921022e+000	1.200000e+001
7.119690911571988e-004	1.155798e+001	2.922777e+000	1.200000e+001
7.129456536571988e-004	1.176382e+001	2.924365e+000	1.200000e+001
7.139222161571988e-004	1.195538e+001	2.925796e+000	1.200000e+001
7.148987786571988e-004	1.213194e+001	2.927076e+000	1.200000e+001
7.158753411571988e-004	1.229282e+001	2.928213e+000	1.200000e+001
7.168519036571988e-004	1.243744e+001	2.929212e+000	1.200000e+001
7.178284661571988e-004	1.256524e+001	2.930077e+000	1.200000e+001
7.188050286571988e-004	1.267575e+001	2.930813e+000	1.200000e+001
7.197815911571988e-004	1.276854e+001	2.931422e+000	1.200000e+001
7.207581536571988e-004	1.284327e+001	2.931908e+000	1.200000e+001
7.217347161571988e-004	1.289966e+001	2.932272e+000	1.200000e+001
7.227112786571988e-004	1.293749e+001	2.932515e+000	1.200000e+001
7.236878411571988e-004	1.295663e+001	2.932640e+000	1.200000e+001
7.246644036571988e-004	1.295700e+001	2.932645e+000	1.200000e+001
7.256409661571988e-004	1.293861e+001	2.932532e+000	1.200000e+001
7.266175286571988e-004	1.290151e+001	2.932300e+000	1.200000e+001
7.275940911571988e-004	1.284585e+001	2.931947e+000	1.200000e+001
7.285706536571988e-004	1.277185e+001	2.931473e+000	1.200000e+001
7.295472161571988e-004	1.267977e+001	2.930875e+000	1.200000e+001
7.305237786571988e-004	1.256997e+001	2.930152e+000	1.200000e+001
7.315003411571988e-004	1.244286e+001	2.929299e+000	1.200000e+001
7.324769036571988e-004	1.229892e+001	2.928313e+000	1.200000e+001
7.334534661571988e-004	1.213869e+001	2.927190e+000	1.200000e+001
7.344300286571988e-004	1.196277e+001	2.925924e+000	1.200000e+001
7.354065911571988e-004	1.177183e+001	2.924509e+000	1.200000e+001
7.363831536571988e-004	1.156658e+001	2.922938e+000	1.200000e+001
7.373597161571988e-004	1.134780e+001	2.921201e+000	1.200000e+001
7.383362786571988e-004	1.111632e+001	2.919289e+000	1.200000e+001
7.393128411571988e-004	1.087299e+001	2.917189e+000	1.200000e+001
7.402894036571988e-004	1.061875e+001	2.914888e+000	1.200000e+001
7.412659661571988e-004	1.035454e+001	2.912369e+000	1.200000e+001
7.432190911571988e-004	9.800249e+000	2.906588e+000	1.200000e+001
7.451722161571988e-004	9.218454e+000	2.899628e+000	1.200000e+001
7.471253411571988e-004	8.617911e+000	2.891149e+000	1.200000e+001
7.490784661571988e-004	8.007655e+000	2.880595e+000	1.200000e+001
7.510315911571988e-004	7.396865e+000	2.866960e+000	1.200000e+001
7.529847161571988e-004	6.794732e+000	2.848149e+000	1.200000e+001
7.539612786571988e-004	6.499752e+000	2.835383e+000	1.200000e+001
7.549378411571988e-004	6.210314e+000	2.818590e+000	1.200000e+001
7.559144036571988e-004	5.927510e+000	2.794622e+000	1.200000e+001
7.568909661571988e-004	5.652403e+000	2.756925e+000	1.200000e+001
7.578675286571988e-004	5.386030e+000	2.695241e+000	1.200000e+001
7.588440911571988e-004	5.128831e+000	2.604519e+000	1.200000e+001
7.596205640801407e-004	4.931393e+000	2.515144e+000	1.200000e+001
7.601925796576906e-004	4.790810e+000	2.444457e+000	1.200000e+001
7.617278599019666e-004	4.437487e+000	2.261425e+000	1.200000e+001
7.636809849019666e-004	4.033381e+000	2.051598e+000	1.200000e+001
7.656341099019666e-004	3.688530e+000	1.872223e+000	1.200000e+001
7.675872349019666e-004	3.408126e+000	1.725554e+000	1.200000e+001
7.685637974019666e-004	3.293449e+000	1.665099e+000	1.200000e+001
7.695403599019666e-004	3.196387e+000	1.613507e+000	1.200000e+001
7.705169224019666e-004	3.117306e+000	1.570947e+000	1.200000e+001
7.714934849019666e-004	3.056502e+000	1.537558e+000	1.200000e+001
7.724700474019666e-004	3.014206e+000	1.513448e+000	1.200000e+001
7.734466099019666e-004	2.990576e+000	1.498688e+000	1.200000e+001
7.744231724019666e-004	2.985703e+000	1.493316e+000	1.200000e+001
7.753997349019666e-004	2.999604e+000	1.497338e+000	1.200000e+001
7.763762974019666e-004	3.032228e+000	1.510724e+000	1.200000e+001
7.773528599019666e-004	3.083452e+000	1.533405e+000	1.200000e+001
7.783294224019666e-004	3.153084e+000	1.565276e+000	1.200000e+001
7.793059849019666e-004	3.240862e+000	1.606202e+000	1.200000e+001
7.802825474019666e-004	3.346456e+000	1.656010e+000	1.200000e+001
7.822356724019666e-004	3.609437e+000	1.781406e+000	1.200000e+001
7.841887974019666e-004	3.938075e+000	1.939386e+000	1.200000e+001
7.861419224019666e-004	4.327427e+000	2.127315e+000	1.200000e+001
7.880950474019666e-004	4.771642e+000	2.341963e+000	1.200000e+001
7.890716099019666e-004	5.012265e+000	2.457918e+000	1.200000e+001
7.900481724019666e-004	5.264040e+000	2.576420e+000	1.200000e+001
7.910247349019666e-004	5.525496e+000	2.686998e+000	1.200000e+001
7.917737852864732e-004	5.732546e+000	2.750443e+000	1.200000e+001
7.926170633162541e-004	5.972027e+000	2.792111e+000	1.200000e+001
7.934656054828264e-004	6.218564e+000	2.815942e+000	1.200000e+001
7.943651673496455e-004	6.485429e+000	2.832820e+000	1.200000e+001
7.953417298496455e-004	6.780378e+000	2.846461e+000	1.200000e+001
7.972948548496455e-004	7.382407e+000	2.865885e+000	1.200000e+001
7.992479798496455e-004	7.993355e+000	2.879850e+000	1.200000e+001
8.012011048496455e-004	8.604034e+000	2.890598e+000	1.200000e+001
8.031542298496455e-004	9.205262e+000	2.899203e+000	1.200000e+001
8.051073548496456e-004	9.787997e+000	2.906252e+000	1.200000e+001
8.070604798496456e-004	1.034348e+001	2.912100e+000	1.200000e+001
8.080370423496456e-004	1.060837e+001	2.914649e+000	1.200000e+001
8.090136048496456e-004	1.086335e+001	2.916975e+000	1.200000e+001
8.099901673496456e-004	1.110746e+001	2.919098e+000	1.200000e+001
8.109667298496456e-004	1.133979e+001	2.921031e+000	1.200000e+001
8.119432923496456e-004	1.155946e+001	2.922788e+000	1.200000e+001
8.129198548496456e-004	1.176565e+001	2.924379e+000	1.200000e+001
8.138964173496456e-004	1.195757e+001	2.925811e+000	1.200000e+001
8.148729798496456e-004	1.213451e+001	2.927094e+000	1.200000e+001
8.158495423496456e-004	1.229580e+001	2.928233e+000	1.200000e+001
8.168261048496456e-004	1.244083e+001	2.929235e+000	1.200000e+001
8.178026673496456e-004	1.256906e+001	2.930102e+000	1.200000e+001
8.187792298496456e-004	1.268000e+001	2.930841e+000	1.200000e+001
8.197557923496456e-004	1.277325e+001	2.931453e+000	1.200000e+001
8.207323548496456e-004	1.284844e+001	2.931941e+000	1.200000e+001
8.217089173496456e-004	1.290529e+001	2.932307e+000	1.200000e+001
8.226854798496456e-004	1.294360e+001	2.932554e+000	1.200000e+001
8.236620423496456e-004	1.296321e+001	2.932681e+000	1.200000e+001
8.246386048496456e-004	1.296406e+001	2.932690e+000	1.200000e+001
8.256151673496456e-004	1.294613e+001	2.932580e+000	1.200000e+001
8.265917298496456e-004	1.290951e+001	2.932350e+000	1.200000e+001
8.275682923496456e-004	1.285432e+001	2.932001e+000	1.200000e+001
8.285448548496456e-004	1.278077e+001	2.931530e+000	1.200000e+001
8.295214173496456e-004	1.268915e+001	2.930937e+000	1.200000e+001
8.304979798496456e-004	1.257979e+001	2.930217e+000	1.200000e+001
8.314745423496456e-004	1.245311e+001	2.929368e+000	1.200000e+001
8.324511048496456e-004	1.230959e+001	2.928387e+000	1.200000e+001
8.334276673496456e-004	1.214976e+001	2.927269e+000	1.200000e+001
8.344042298496456e-004	1.197423e+001	2.926008e+000	1.200000e+001
8.353807923496456e-004	1.178365e+001	2.924598e+000	1.200000e+001
8.363573548496456e-004	1.157875e+001	2.923033e+000	1.200000e+001
8.373339173496456e-004	1.136030e+001	2.921302e+000	1.200000e+001
8.383104798496456e-004	1.112912e+001	2.919397e+000	1.200000e+001
8.392870423496456e-004	1.088608e+001	2.917305e+000	1.200000e+001
8.402636048496456e-004	1.063209e+001	2.915012e+000	1.200000e+001
8.412401673496456e-004	1.036811e+001	2.912502e+000	1.200000e+001
8.431932923496456e-004	9.814197e+000	2.906743e+000	1.200000e+001
8.451464173496456e-004	9.232670e+000	2.899811e+000	1.200000e+001
8.470995423496456e-004	8.632277e+000	2.891371e+000	1.200000e+001
8.490526673496456e-004	8.022048e+000	2.880873e+000	1.200000e+001
8.510057923496456e-004	7.411167e+000	2.867328e+000	1.200000e+001
8.529589173496456e-004	6.808821e+000	2.848683e+000	1.200000e+001
8.539354798496456e-004	6.513689e+000	2.836066e+000	1.200000e+001
8.549120423496456e-004	6.224072e+000	2.819522e+000	1.200000e+001
8.558886048496456e-004	5.941060e+000	2.796027e+000	1.200000e+001
8.568651673496456e-004	5.665717e+000	2.759251e+000	1.200000e+001
8.578417298496456e-004	5.399080e+000	2.699022e+000	1.200000e+001
8.588182923496456e-004	5.141691e+000	2.609674e+000	1.200000e+001
8.596297223161927e-004	4.935289e+000	2.516924e+000	1.200000e+001
8.602079133066500e-004	4.793217e+000	2.445647e+000	1.200000e+001
8.617498789406929e-004	4.438681e+000	2.261976e+000	1.200000e+001
8.637030039406929e-004	4.035172e+000	2.052446e+000	1.200000e+001
8.656561289406929e-004	3.690984e+000	1.873400e+000	1.200000e+001
8.676092539406929e-004	3.411295e+000	1.727086e+000	1.200000e+001
8.685858164406929e-004	3.296992e+000	1.666817e+000	1.200000e+001
8.695623789406929e-004	3.200314e+000	1.615414e+000	1.200000e+001
8.705389414406929e-004	3.121623e+000	1.573048e+000	1.200000e+001
8.715155039406929e-004	3.061216e+000	1.539857e+000	1.200000e+001
8.724920664406929e-004	3.019320e+000	1.515946e+000	1.200000e+001
8.734686289406929e-004	2.996095e+000	1.501387e+000	1.200000e+001
8.744451914406929e-004	2.991627e+000	1.496215e+000	1.200000e+001
8.754217539406929e-004	3.005933e+000	1.500438e+000	1.200000e+001
8.763983164406929e-004	3.038960e+000	1.514024e+000	1.200000e+001
8.773748789406929e-004	3.090584e+000	1.536902e+000	1.200000e+001
8.783514414406929e-004	3.160610e+000	1.568969e+000	1.200000e+001
8.793280039406929e-004	3.248776e+000	1.610086e+000	1.200000e+001
8.803045664406929e-004	3.354749e+000	1.660081e+000	1.200000e+001
8.822576914406929e-004	3.618459e+000	1.785835e+000	1.200000e+001
8.842108164406929e-004	3.947775e+000	1.944145e+000	1.200000e+001
8.861639414406929e-004	4.337746e+000	2.132370e+000	1.200000e+001
8.881170664406929e-004	4.782507e+000	2.347267e+000	1.200000e+001
8.890936289406929e-004	5.023375e+000	2.463301e+000	1.200000e+001
8.900701914406929e-004	5.275373e+000	2.581599e+000	1.200000e+001
8.910467539406929e-004	5.537020e+000	2.691232e+000	1.200000e+001
8.917906684656632e-004	5.742761e+000	2.753020e+000	1.200000e+001
8.926271582902144e-004	5.980386e+000	2.793260e+000	1.200000e+001
8.934638166757462e-004	6.223481e+000	2.816346e+000	1.200000e+001
8.943540656153283e-004	6.487553e+000	2.832932e+000	1.200000e+001
8.953306281153283e-004	6.782441e+000	2.846532e+000	1.200000e+001
8.972837531153283e-004	7.384359e+000	2.865937e+000	1.200000e+001
8.992368781153283e-004	7.995249e+000	2.879888e+000	1.200000e+001
9.011900031153283e-004	8.605923e+000	2.890628e+000	1.200000e+001
9.031431281153283e-004	9.207196e+000	2.899228e+000	1.200000e+001
9.050962531153283e-004	9.790030e+000	2.906275e+000	1.200000e+001
9.070493781153283e-004	1.034565e+001	2.912122e+000	1.200000e+001
9.080259406153283e-004	1.061063e+001	2.914670e+000	1.200000e+001
9.090025031153283e-004	1.086572e+001	2.916996e+000	1.200000e+001
9.099790656153283e-004	1.110995e+001	2.919119e+000	1.200000e+001
9.109556281153283e-004	1.134240e+001	2.921053e+000	1.200000e+001
9.119321906153283e-004	1.156220e+001	2.922810e+000	1.200000e+001
9.129087531153283e-004	1.176853e+001	2.924400e+000	1.200000e+001
9.138853156153283e-004	1.196060e+001	2.925833e+000	1.200000e+001
9.148618781153283e-004	1.213770e+001	2.927117e+000	1.200000e+001
9.158384406153283e-004	1.229915e+001	2.928257e+000	1.200000e+001
9.168150031153283e-004	1.244435e+001	2.929259e+000	1.200000e+001
9.177915656153283e-004	1.257276e+001	2.930127e+000	1.200000e+001
9.187681281153283e-004	1.268389e+001	2.930866e+000	1.200000e+001
9.197446906153283e-004	1.277732e+001	2.931479e+000	1.200000e+001
9.207212531153283e-004	1.285270e+001	2.931968e+000	1.200000e+001
9.216978156153283e-004	1.290975e+001	2.932336e+000	1.200000e+001
9.226743781153283e-004	1.294825e+001	2.932583e+000	1.200000e+001
9.236509406153283e-004	1.296806e+001	2.932712e+000	1.200000e+001
9.246275031153283e-004	1.296911e+001	2.932721e+000	1.200000e+001
9.256040656153283e-004	1.295138e+001	2.932613e+000	1.200000e+001
9.265806281153283e-004	1.291495e+001	2.932385e+000	1.200000e+001
9.275571906153283e-004	1.285996e+001	2.932037e+000	1.200000e+001
9.285337531153283e-004	1.278661e+001	2.931568e+000	1.200000e+001
9.295103156153283e-004	1.269517e+001	2.930976e+000	1.200000e+001
9.304868781153283e-004	1.258600e+001	2.930258e+000	1.200000e+001
9.314634406153283e-004	1.245950e+001	2.929412e+000	1.200000e+001
9.324400031153283e-004	1.231614e+001	2.928432e+000	1.200000e+001
9.334165656153283e-004	1.215648e+001	2.927316e+000	1.200000e+001
9.343931281153283e-004	1.198111e+001	2.926058e+000	1.200000e+001
9.353696906153283e-004	1.179069e+001	2.924651e+000	1.200000e+001
9.363462531153283e-004	1.158593e+001	2.923088e+000	1.200000e+001
9.373228156153283e-004	1.136761e+001	2.921361e+000	1.200000e+001
9.382993781153283e-004	1.113656e+001	2.919459e+000	1.200000e+001
9.392759406153283e-004	1.089363e+001	2.917371e+000	1.200000e+001
9.402525031153283e-004	1.063975e+001	2.915083e+000	1.200000e+001
9.412290656153283e-004	1.037586e+001	2.912577e+000	1.200000e+001
9.431821906153283e-004	9.822102e+000	2.906831e+000	1.200000e+001
9.451353156153283e-004	9.240678e+000	2.899914e+000	1.200000e+001
9.470884406153283e-004	8.640338e+000	2.891495e+000	1.200000e+001
9.490415656153283e-004	8.030111e+000	2.881028e+000	1.200000e+001
9.509946906153283e-004	7.419179e+000	2.867533e+000	1.200000e+001
9.529478156153283e-004	6.816730e+000	2.848981e+000	1.200000e+001
9.539243781153283e-004	6.521528e+000	2.836446e+000	1.200000e+001
9.549009406153283e-004	6.231828e+000	2.820041e+000	1.200000e+001
9.558775031153283e-004	5.948720e+000	2.796807e+000	1.200000e+001
9.568540656153283e-004	5.673271e+000	2.760543e+000	1.200000e+001
9.578306281153283e-004	5.406516e+000	2.701132e+000	1.200000e+001
9.588071906153283e-004	5.149060e+000	2.612568e+000	1.200000e+001
9.596412344080019e-004	4.936910e+000	2.517626e+000	1.200000e+001
9.602238467460400e-004	4.793812e+000	2.445920e+000	1.200000e+001
9.617602724958160e-004	4.440753e+000	2.263003e+000	1.200000e+001
9.637133974958160e-004	4.037552e+000	2.053623e+000	1.200000e+001
9.656665224958160e-004	3.693667e+000	1.874725e+000	1.200000e+001
9.676196474958160e-004	3.414307e+000	1.728572e+000	1.200000e+001
9.685962099958161e-004	3.300176e+000	1.668387e+000	1.200000e+001
9.695727724958161e-004	3.203674e+000	1.617071e+000	1.200000e+001
9.705493349958161e-004	3.125162e+000	1.574794e+000	1.200000e+001
9.715258974958161e-004	3.064938e+000	1.541693e+000	1.200000e+001
9.725024599958161e-004	3.023228e+000	1.517873e+000	1.200000e+001
9.734790224958161e-004	3.000188e+000	1.503406e+000	1.200000e+001
9.744555849958161e-004	2.995907e+000	1.498327e+000	1.200000e+001
9.754321474958161e-004	3.010400e+000	1.502641e+000	1.200000e+001
9.764087099958161e-004	3.043612e+000	1.516319e+000	1.200000e+001
9.773852724958159e-004	3.095420e+000	1.539288e+000	1.200000e+001
9.783618349958158e-004	3.165627e+000	1.571444e+000	1.200000e+001
9.793383974958157e-004	3.253972e+000	1.612648e+000	1.200000e+001
9.803149599958156e-004	3.360120e+000	1.662729e+000	1.200000e+001
9.822680849958154e-004	3.624164e+000	1.788646e+000	1.200000e+001
9.842212099958152e-004	3.953791e+000	1.947106e+000	1.200000e+001
9.861743349958150e-004	4.344044e+000	2.135463e+000	1.200000e+001
9.881274599958148e-004	4.789055e+000	2.350471e+000	1.200000e+001
9.891040224958147e-004	5.030033e+000	2.466532e+000	1.200000e+001
9.900805849958146e-004	5.282132e+000	2.584660e+000	1.200000e+001
9.910571474958144e-004	5.543871e+000	2.693624e+000	1.200000e+001
9.918011217979119e-004	5.749688e+000	2.754621e+000	1.200000e+001
9.926360213765384e-004	5.986913e+000	2.794084e+000	1.200000e+001
9.934698699851799e-004	6.229227e+000	2.816782e+000	1.200000e+001
9.943574457514193e-004	6.492526e+000	2.833193e+000	1.200000e+001
9.953340082514191e-004	6.787424e+000	2.846724e+000	1.200000e+001
9.972871332514189e-004	7.389341e+000	2.866070e+000	1.200000e+001
9.992402582514187e-004	8.000233e+000	2.880025e+000	1.200000e+001
1.000000000000000e-003	8.238518e+000	2.884626e+000	1.200000e+001
