1.00E+02    -27.3864008157752
1.26E+02    -25.3864989198242
1.58E+02    -23.3866543997255
2.00E+02    -21.3869008073651
2.51E+02    -19.3872913085297
3.16E+02    -17.3879101392754
3.98E+02    -15.3888907393831
5.01E+02    -13.3904444325705
6.31E+02    -11.3929057326926
7.94E+02    -9.39680377636181
1.00E+03    -7.40297460373999
1.26E+03    -5.41273678687668
1.58E+03    -3.42816400972556
2.00E+03    -1.45250284320212
2.51E+03    0.509199858049031
3.16E+03    2.44918591488079
3.98E+03    4.3557364851871
5.01E+03    6.21162742684
6.31E+03    7.99259196084286
7.94E+03    9.66659237635825
1.00E+04    11.1953337149268
1.26E+04    12.5395878849892
1.58E+04    13.6683954125093
2.00E+04    14.568855468128
2.51E+04    15.2508151968654
3.16E+04    15.7431844861477
3.98E+04    16.0844503150797
5.01E+04    16.3130759870274
6.31E+04    16.4615337063934
7.94E+04    16.5542498431551
1.00E+05    16.6079511480386
1.26E+05    16.6328764647066
1.58E+05    16.6339204602898
2.00E+05    16.6112901503939
2.51E+05    16.5605342446437
3.16E+05    16.471940398349
3.98E+05    16.3294241424042
5.01E+05    16.1092942264219
6.31E+05    15.7797723033848
7.94E+05    15.3027578041187
1.00E+06    14.6394088231177
