time	V(a)	V(b)	V(out)
0.000000000000000e+000	7.996293e+000	3.992585e+000	2.880325e+000
4.618749988886912e-007	8.141368e+000	4.064775e+000	2.882889e+000
9.237499977773823e-007	8.285816e+000	4.136652e+000	2.885365e+000
1.385624996666073e-006	8.429637e+000	4.208216e+000	2.887753e+000
1.847499995554765e-006	8.572830e+000	4.279468e+000	2.890053e+000
2.309374994443456e-006	8.715396e+000	4.350407e+000	2.892265e+000
2.771249993332147e-006	8.857335e+000	4.421034e+000	2.894389e+000
3.233124992220837e-006	8.998646e+000	4.491348e+000	2.896425e+000
5.186249992220837e-006	9.581882e+000	4.781553e+000	2.903883e+000
7.139374992220837e-006	1.013751e+001	5.058014e+000	2.910021e+000
8.115937492220837e-006	1.040234e+001	5.189786e+000	2.912683e+000
9.092499992220837e-006	1.065719e+001	5.316587e+000	2.915107e+000
1.006906249222084e-005	1.090109e+001	5.437943e+000	2.917314e+000
1.104562499222084e-005	1.113313e+001	5.553396e+000	2.919321e+000
1.202218749222084e-005	1.135245e+001	5.662516e+000	2.921140e+000
1.299874999222084e-005	1.155820e+001	5.764892e+000	2.922784e+000
1.397531249222084e-005	1.174964e+001	5.860140e+000	2.924263e+000
1.495187499222084e-005	1.192603e+001	5.947904e+000	2.925585e+000
1.592843749222084e-005	1.208672e+001	6.027854e+000	2.926757e+000
1.690499999222084e-005	1.223110e+001	6.099692e+000	2.927786e+000
1.788156249222085e-005	1.235864e+001	6.163149e+000	2.928677e+000
1.885812499222085e-005	1.246886e+001	6.217986e+000	2.929433e+000
1.983468749222085e-005	1.256134e+001	6.263999e+000	2.930059e+000
2.081124999222085e-005	1.263574e+001	6.301017e+000	2.930557e+000
2.178781249222085e-005	1.269178e+001	6.328901e+000	2.930930e+000
2.276437499222085e-005	1.272926e+001	6.347548e+000	2.931178e+000
2.374093749222085e-005	1.274803e+001	6.356889e+000	2.931304e+000
2.471749999222085e-005	1.274804e+001	6.356890e+000	2.931307e+000
2.569406249222085e-005	1.272927e+001	6.347552e+000	2.931188e+000
2.667062499222085e-005	1.269181e+001	6.328913e+000	2.930946e+000
2.764718749222085e-005	1.263579e+001	6.301044e+000	2.930581e+000
2.862374999222086e-005	1.256144e+001	6.264050e+000	2.930090e+000
2.960031249222086e-005	1.246903e+001	6.218073e+000	2.929472e+000
3.057687499222086e-005	1.235892e+001	6.163287e+000	2.928723e+000
3.155343749222086e-005	1.223152e+001	6.099899e+000	2.927841e+000
3.252999999222086e-005	1.208731e+001	6.028149e+000	2.926822e+000
3.350656249222086e-005	1.192685e+001	5.948309e+000	2.925660e+000
3.448312499222086e-005	1.175072e+001	5.860681e+000	2.924349e+000
3.545968749222086e-005	1.155962e+001	5.765594e+000	2.922882e+000
3.643624999222086e-005	1.135424e+001	5.663410e+000	2.921252e+000
3.741281249222086e-005	1.113538e+001	5.554513e+000	2.919449e+000
3.838937499222086e-005	1.090385e+001	5.439314e+000	2.917460e+000
3.936593749222086e-005	1.066053e+001	5.318249e+000	2.915274e+000
4.034249999222087e-005	1.040634e+001	5.191773e+000	2.912874e+000
4.229562499222087e-005	9.869215e+000	4.924521e+000	2.907348e+000
4.424874999222087e-005	9.300582e+000	4.641586e+000	2.900677e+000
4.620187499222087e-005	8.709011e+000	4.347232e+000	2.892540e+000
4.717843749222087e-005	8.407400e+000	4.197153e+000	2.887771e+000
4.815499999222087e-005	8.103419e+000	4.045892e+000	2.882417e+000
5.010812499222087e-005	7.492937e+000	3.742105e+000	2.869381e+000
5.206124999222088e-005	6.886767e+000	3.440439e+000	2.851538e+000
5.303781249222088e-005	6.588161e+000	3.291819e+000	2.839558e+000
5.401437499222088e-005	6.294047e+000	3.145416e+000	2.824005e+000
5.499093749222088e-005	6.005534e+000	3.001769e+000	2.802238e+000
5.596749999222088e-005	5.723711e+000	2.861392e+000	2.768591e+000
5.694406249222088e-005	5.449640e+000	2.724761e+000	2.712864e+000
5.792062499222088e-005	5.184356e+000	2.592349e+000	2.626431e+000
5.889718749222088e-005	4.927812e+000	2.464156e+000	2.514221e+000
5.950006271607981e-005	4.774675e+000	2.387589e+000	2.437965e+000
6.099179950338959e-005	4.418035e+000	2.209238e+000	2.253330e+000
6.294492450338959e-005	3.994545e+000	1.997455e+000	2.033843e+000
6.489804950338959e-005	3.627851e+000	1.814073e+000	1.843602e+000
6.685117450338959e-005	3.323749e+000	1.661990e+000	1.685152e+000
6.782773700338959e-005	3.196645e+000	1.598423e+000	1.618519e+000
6.880429950338959e-005	3.086834e+000	1.543502e+000	1.560589e+000
6.978086200338959e-005	2.994732e+000	1.497437e+000	1.511558e+000
7.075742450338959e-005	2.920688e+000	1.460400e+000	1.471589e+000
7.173398700338960e-005	2.864984e+000	1.432533e+000	1.440816e+000
7.271054950338960e-005	2.827831e+000	1.413942e+000	1.419337e+000
7.368711200338960e-005	2.809371e+000	1.404698e+000	1.407217e+000
7.466367450338960e-005	2.809677e+000	1.404837e+000	1.404489e+000
7.564023700338960e-005	2.828750e+000	1.414359e+000	1.411151e+000
7.661679950338960e-005	2.866520e+000	1.433230e+000	1.427160e+000
7.759336200338960e-005	2.922848e+000	1.461379e+000	1.452440e+000
7.856992450338960e-005	2.997524e+000	1.498703e+000	1.486882e+000
7.954648700338960e-005	3.090269e+000	1.545061e+000	1.530342e+000
8.052304950338960e-005	3.200736e+000	1.600280e+000	1.582638e+000
8.149961200338960e-005	3.328513e+000	1.664153e+000	1.643556e+000
8.345273700338961e-005	3.634016e+000	1.816875e+000	1.790227e+000
8.540586200338961e-005	4.002201e+000	2.000935e+000	1.967947e+000
8.735898700338961e-005	4.427549e+000	2.213575e+000	2.173761e+000
8.931211200338961e-005	4.903681e+000	2.451603e+000	2.404049e+000
9.028867450338961e-005	5.158586e+000	2.579028e+000	2.526070e+000
9.126523700338961e-005	5.423169e+000	2.711253e+000	2.644952e+000
9.211325503775707e-005	5.660127e+000	2.829566e+000	2.730115e+000
9.287696622737662e-005	5.879066e+000	2.938735e+000	2.779217e+000
9.367395634924354e-005	6.112637e+000	3.055078e+000	2.807037e+000
9.465051884924354e-005	6.404342e+000	3.200310e+000	2.828022e+000
9.554830700922365e-005	6.677021e+000	3.336040e+000	2.842046e+000
9.652486950922366e-005	6.977768e+000	3.485724e+000	2.853706e+000
9.847799450922366e-005	7.587324e+000	3.789072e+000	2.871039e+000
1.004311195092237e-004	8.200233e+000	4.094066e+000	2.883775e+000
1.014076820092237e-004	8.505070e+000	4.245751e+000	2.889017e+000
1.033608070092237e-004	9.105782e+000	4.544657e+000	2.897887e+000
1.053139320092237e-004	9.687051e+000	4.833881e+000	2.905108e+000
1.072670570092237e-004	1.024015e+001	5.109087e+000	2.911070e+000
1.082436195092237e-004	1.050353e+001	5.240132e+000	2.913660e+000
1.092201820092237e-004	1.075679e+001	5.366143e+000	2.916020e+000
1.101967445092237e-004	1.099898e+001	5.486648e+000	2.918170e+000
1.111733070092237e-004	1.122920e+001	5.601194e+000	2.920125e+000
1.121498695092237e-004	1.144658e+001	5.709351e+000	2.921897e+000
1.131264320092237e-004	1.165030e+001	5.810713e+000	2.923499e+000
1.141029945092237e-004	1.183960e+001	5.904899e+000	2.924940e+000
1.150795570092237e-004	1.201377e+001	5.991557e+000	2.926227e+000
1.160561195092237e-004	1.217215e+001	6.070361e+000	2.927367e+000
1.170326820092237e-004	1.231416e+001	6.141016e+000	2.928366e+000
1.180092445092237e-004	1.243925e+001	6.203257e+000	2.929229e+000
1.189858070092237e-004	1.254697e+001	6.256851e+000	2.929960e+000
1.199623695092237e-004	1.263690e+001	6.301596e+000	2.930562e+000
1.209389320092237e-004	1.270872e+001	6.337326e+000	2.931037e+000
1.219154945092237e-004	1.276214e+001	6.363907e+000	2.931389e+000
1.228920570092237e-004	1.279698e+001	6.381241e+000	2.931618e+000
1.238686195092237e-004	1.281310e+001	6.389262e+000	2.931725e+000
1.248451820092237e-004	1.281045e+001	6.387942e+000	2.931711e+000
1.258217445092237e-004	1.278903e+001	6.377287e+000	2.931576e+000
1.267983070092237e-004	1.274894e+001	6.357337e+000	2.931319e+000
1.277748695092237e-004	1.269031e+001	6.328170e+000	2.930940e+000
1.287514320092237e-004	1.261338e+001	6.289895e+000	2.930436e+000
1.297279945092237e-004	1.251844e+001	6.242658e+000	2.929805e+000
1.307045570092237e-004	1.240585e+001	6.186637e+000	2.929045e+000
1.316811195092237e-004	1.227603e+001	6.122045e+000	2.928153e+000
1.326576820092237e-004	1.212947e+001	6.049124e+000	2.927123e+000
1.336342445092237e-004	1.196673e+001	5.968152e+000	2.925952e+000
1.346108070092237e-004	1.178841e+001	5.879432e+000	2.924633e+000
1.355873695092237e-004	1.159520e+001	5.783301e+000	2.923159e+000
1.365639320092237e-004	1.138783e+001	5.680121e+000	2.921523e+000
1.375404945092237e-004	1.116707e+001	5.570281e+000	2.919714e+000
1.385170570092237e-004	1.093375e+001	5.454195e+000	2.917722e+000
1.394936195092237e-004	1.068877e+001	5.332301e+000	2.915533e+000
1.404701820092237e-004	1.043304e+001	5.205060e+000	2.913132e+000
1.424233070092237e-004	9.893227e+000	4.936469e+000	2.907610e+000
1.443764320092237e-004	9.322453e+000	4.652468e+000	2.900952e+000
1.463295570092237e-004	8.729315e+000	4.357335e+000	2.892843e+000
1.473061195092237e-004	8.427145e+000	4.206978e+000	2.888098e+000
1.482826820092237e-004	8.122753e+000	4.055513e+000	2.882776e+000
1.502358070092237e-004	7.511904e+000	3.751544e+000	2.869845e+000
1.521889320092237e-004	6.905970e+000	3.449996e+000	2.852217e+000
1.531654945092237e-004	6.607705e+000	3.301547e+000	2.840438e+000
1.541420570092237e-004	6.314078e+000	3.155388e+000	2.825231e+000
1.551186195092237e-004	6.026198e+000	3.012059e+000	2.804123e+000
1.560951820092237e-004	5.745148e+000	2.872073e+000	2.771840e+000
1.570717445092237e-004	5.471988e+000	2.735908e+000	2.718590e+000
1.580483070092237e-004	5.207748e+000	2.604031e+000	2.635307e+000
1.590248695092237e-004	4.952375e+000	2.476434e+000	2.525743e+000
1.596312324829478e-004	4.799164e+000	2.399833e+000	2.450007e+000
1.610493445633764e-004	4.461357e+000	2.230900e+000	2.275210e+000
1.630024695633764e-004	4.039371e+000	2.019868e+000	2.056379e+000
1.649555945633765e-004	3.674095e+000	1.837196e+000	1.866775e+000
1.669087195633765e-004	3.371563e+000	1.685897e+000	1.709056e+000
1.678852820633765e-004	3.245292e+000	1.622746e+000	1.642818e+000
1.688618445633765e-004	3.136341e+000	1.568255e+000	1.585298e+000
1.698384070633765e-004	3.045121e+000	1.522631e+000	1.536689e+000
1.708149695633765e-004	2.971979e+000	1.486045e+000	1.497154e+000
1.717915320633765e-004	2.917192e+000	1.458637e+000	1.466823e+000
1.727680945633765e-004	2.880966e+000	1.440509e+000	1.445792e+000
1.737446570633765e-004	2.863441e+000	1.431732e+000	1.434124e+000
1.747212195633765e-004	2.864683e+000	1.432339e+000	1.431849e+000
1.756977820633765e-004	2.884691e+000	1.442329e+000	1.438963e+000
1.766743445633765e-004	2.923391e+000	1.461664e+000	1.455422e+000
1.776509070633765e-004	2.980638e+000	1.490273e+000	1.481146e+000
1.786274695633765e-004	3.056219e+000	1.528049e+000	1.516024e+000
1.796040320633765e-004	3.149851e+000	1.574851e+000	1.559909e+000
1.805805945633765e-004	3.261184e+000	1.630503e+000	1.612618e+000
1.825337195633765e-004	3.535217e+000	1.767489e+000	1.743607e+000
1.844868445633765e-004	3.874210e+000	1.936954e+000	1.906835e+000
1.864399695633765e-004	4.273077e+000	2.136355e+000	2.099602e+000
1.883930945633765e-004	4.725834e+000	2.362697e+000	2.318623e+000
1.893696570633765e-004	4.970325e+000	2.484921e+000	2.436647e+000
1.903462195633765e-004	5.225683e+000	2.612567e+000	2.557808e+000
1.913227820633765e-004	5.490477e+000	2.744879e+000	2.672918e+000
1.920874687221185e-004	5.704300e+000	2.851604e+000	2.742396e+000
1.929513745999114e-004	5.952233e+000	2.975186e+000	2.789092e+000
1.938107979496127e-004	6.204373e+000	3.100756e+000	2.814652e+000
1.947515316738208e-004	6.485896e+000	3.240906e+000	2.832583e+000
1.957280941738208e-004	6.783051e+000	3.388814e+000	2.846440e+000
1.976812191738208e-004	7.388287e+000	3.690023e+000	2.866045e+000
1.996343441738208e-004	8.000625e+000	3.994739e+000	2.879994e+000
2.006109066738208e-004	8.306584e+000	4.146986e+000	2.885671e+000
2.025640316738208e-004	8.912336e+000	4.448402e+000	2.895210e+000
2.045171566738208e-004	9.502302e+000	4.741956e+000	2.902932e+000
2.064702816738208e-004	1.006762e+001	5.023239e+000	2.909290e+000
2.074468441738208e-004	1.033836e+001	5.157950e+000	2.912052e+000
2.084234066738208e-004	1.059979e+001	5.288029e+000	2.914570e+000
2.093999691738208e-004	1.085093e+001	5.412986e+000	2.916867e+000
2.103765316738208e-004	1.109084e+001	5.532351e+000	2.918959e+000
2.113530941738208e-004	1.131860e+001	5.645677e+000	2.920861e+000
2.123296566738208e-004	1.153337e+001	5.752537e+000	2.922585e+000
2.133062191738208e-004	1.173435e+001	5.852531e+000	2.924143e+000
2.142827816738208e-004	1.192076e+001	5.945283e+000	2.925543e+000
2.152593441738208e-004	1.209192e+001	6.030444e+000	2.926792e+000
2.162359066738208e-004	1.224719e+001	6.107696e+000	2.927896e+000
2.172124691738208e-004	1.238597e+001	6.176746e+000	2.928862e+000
2.181890316738208e-004	1.250775e+001	6.237338e+000	2.929693e+000
2.191655941738208e-004	1.261207e+001	6.289243e+000	2.930394e+000
2.201421566738208e-004	1.269855e+001	6.332267e+000	2.930968e+000
2.211187191738208e-004	1.276685e+001	6.366249e+000	2.931417e+000
2.220952816738208e-004	1.281672e+001	6.391061e+000	2.931742e+000
2.230718441738208e-004	1.284797e+001	6.406611e+000	2.931947e+000
2.240484066738208e-004	1.286049e+001	6.412842e+000	2.932030e+000
2.250249691738208e-004	1.285424e+001	6.409730e+000	2.931993e+000
2.260015316738208e-004	1.282923e+001	6.397287e+000	2.931836e+000
2.269780941738208e-004	1.278557e+001	6.375563e+000	2.931557e+000
2.279546566738208e-004	1.272341e+001	6.344638e+000	2.931157e+000
2.289312191738208e-004	1.264300e+001	6.304630e+000	2.930632e+000
2.299077816738208e-004	1.254464e+001	6.255690e+000	2.929981e+000
2.308843441738208e-004	1.242869e+001	6.198003e+000	2.929201e+000
2.318609066738208e-004	1.229561e+001	6.131788e+000	2.928289e+000
2.328374691738208e-004	1.214589e+001	6.057293e+000	2.927240e+000
2.338140316738208e-004	1.198009e+001	5.974801e+000	2.926049e+000
2.347905941738208e-004	1.179884e+001	5.884621e+000	2.924711e+000
2.357671566738208e-004	1.160283e+001	5.787095e+000	2.923218e+000
2.367437191738208e-004	1.139279e+001	5.682589e+000	2.921563e+000
2.377202816738208e-004	1.116951e+001	5.571498e+000	2.919735e+000
2.386968441738209e-004	1.093385e+001	5.454241e+000	2.917723e+000
2.396734066738209e-004	1.068668e+001	5.331259e+000	2.915514e+000
2.406499691738209e-004	1.042893e+001	5.203016e+000	2.913092e+000
2.426030941738209e-004	9.885646e+000	4.932697e+000	2.907527e+000
2.445562191738209e-004	9.312175e+000	4.647355e+000	2.900823e+000
2.465093441738209e-004	8.717154e+000	4.351284e+000	2.892662e+000
2.484624691738209e-004	8.109545e+000	4.048940e+000	2.882531e+000
2.504155941738209e-004	7.498496e+000	3.744871e+000	2.869518e+000
2.523687191738209e-004	6.893209e+000	3.443645e+000	2.851768e+000
2.533452816738209e-004	6.595582e+000	3.295513e+000	2.839896e+000
2.543218441738209e-004	6.302799e+000	3.149773e+000	2.824550e+000
2.552984066738209e-004	6.015964e+000	3.006963e+000	2.803213e+000
2.562749691738209e-004	5.736156e+000	2.867593e+000	2.770524e+000
2.572515316738209e-004	5.464432e+000	2.732139e+000	2.716688e+000
2.582280941738209e-004	5.201814e+000	2.601066e+000	2.632952e+000
2.592046566738209e-004	4.948225e+000	2.474358e+000	2.523462e+000
2.598108156660279e-004	4.796258e+000	2.398378e+000	2.448158e+000
2.612484701055191e-004	4.457161e+000	2.228800e+000	2.272600e+000
2.632015951055191e-004	4.040415e+000	2.020388e+000	2.056400e+000
2.651547201055191e-004	3.681044e+000	1.840667e+000	1.869748e+000
2.671078451055191e-004	3.384929e+000	1.692578e+000	1.715230e+000
2.680844076055191e-004	3.262027e+000	1.631111e+000	1.650670e+000
2.690609701055191e-004	3.156534e+000	1.578350e+000	1.594873e+000
2.700375326055191e-004	3.068850e+000	1.534492e+000	1.548025e+000
2.710140951055191e-004	2.999305e+000	1.499705e+000	1.510281e+000
2.719906576055191e-004	2.948163e+000	1.474120e+000	1.481765e+000
2.729672201055191e-004	2.915617e+000	1.457832e+000	1.462566e+000
2.739437826055191e-004	2.901792e+000	1.450905e+000	1.452738e+000
2.749203451055191e-004	2.906740e+000	1.453365e+000	1.452305e+000
2.758969076055191e-004	2.930445e+000	1.465203e+000	1.461257e+000
2.768734701055192e-004	2.972818e+000	1.486375e+000	1.479540e+000
2.778500326055192e-004	3.033701e+000	1.516802e+000	1.507068e+000
2.788265951055192e-004	3.112866e+000	1.556370e+000	1.543723e+000
2.798031576055192e-004	3.210017e+000	1.604931e+000	1.589350e+000
2.807797201055192e-004	3.324789e+000	1.662302e+000	1.643760e+000
2.827328451055192e-004	3.605409e+000	1.802581e+000	1.777991e+000
2.846859701055192e-004	3.950515e+000	1.975103e+000	1.944206e+000
2.866390951055192e-004	4.354927e+000	2.177275e+000	2.139638e+000
2.885922201055192e-004	4.812572e+000	2.406060e+000	2.360916e+000
2.895687826055192e-004	5.059237e+000	2.529370e+000	2.479671e+000
2.905453451055192e-004	5.316577e+000	2.657994e+000	2.599156e+000
2.915219076055192e-004	5.583096e+000	2.791124e+000	2.706343e+000
2.922550950727300e-004	5.789144e+000	2.893918e+000	2.763072e+000
2.930690089835933e-004	6.023541e+000	3.010709e+000	2.798373e+000
2.938794573756924e-004	6.261736e+000	3.129318e+000	2.819153e+000
2.947459434538714e-004	6.521182e+000	3.258472e+000	2.834675e+000
2.957225059538714e-004	6.818300e+000	3.406358e+000	2.847905e+000
2.976756309538714e-004	7.423272e+000	3.707433e+000	2.866958e+000
2.996287559538714e-004	8.035374e+000	4.012031e+000	2.880674e+000
3.015818809538714e-004	8.645411e+000	4.315584e+000	2.891245e+000
3.035350059538714e-004	9.244215e+000	4.613538e+000	2.899710e+000
3.054881309538714e-004	9.822788e+000	4.901421e+000	2.906642e+000
3.074412559538714e-004	1.037244e+001	5.174907e+000	2.912387e+000
3.084178184538714e-004	1.063382e+001	5.304958e+000	2.914887e+000
3.093943809538714e-004	1.088491e+001	5.429890e+000	2.917168e+000
3.103709434538714e-004	1.112477e+001	5.549234e+000	2.919246e+000
3.113475059538714e-004	1.135250e+001	5.662540e+000	2.921137e+000
3.123240684538714e-004	1.156723e+001	5.769385e+000	2.922851e+000
3.133006309538714e-004	1.176818e+001	5.869365e+000	2.924400e+000
3.142771934538714e-004	1.195457e+001	5.962105e+000	2.925791e+000
3.152537559538714e-004	1.212572e+001	6.047256e+000	2.927033e+000
3.162303184538714e-004	1.228096e+001	6.124499e+000	2.928132e+000
3.172068809538714e-004	1.241973e+001	6.193544e+000	2.929093e+000
3.181834434538714e-004	1.254151e+001	6.254131e+000	2.929920e+000
3.191600059538714e-004	1.264582e+001	6.306034e+000	2.930617e+000
3.201365684538714e-004	1.273229e+001	6.349056e+000	2.931188e+000
3.211131309538714e-004	1.280059e+001	6.383037e+000	2.931635e+000
3.220896934538714e-004	1.285046e+001	6.407849e+000	2.931959e+000
3.230662559538714e-004	1.288171e+001	6.423399e+000	2.932162e+000
3.240428184538714e-004	1.289424e+001	6.429631e+000	2.932245e+000
3.250193809538714e-004	1.288798e+001	6.426520e+000	2.932209e+000
3.259959434538714e-004	1.286298e+001	6.414079e+000	2.932052e+000
3.269725059538714e-004	1.281932e+001	6.392355e+000	2.931775e+000
3.279490684538714e-004	1.275716e+001	6.361430e+000	2.931376e+000
3.289256309538714e-004	1.267675e+001	6.321423e+000	2.930854e+000
3.299021934538714e-004	1.257839e+001	6.272482e+000	2.930206e+000
3.308787559538714e-004	1.246244e+001	6.214794e+000	2.929430e+000
3.318553184538714e-004	1.232935e+001	6.148575e+000	2.928523e+000
3.328318809538714e-004	1.217962e+001	6.074076e+000	2.927479e+000
3.338084434538714e-004	1.201381e+001	5.991577e+000	2.926294e+000
3.347850059538714e-004	1.183254e+001	5.901390e+000	2.924963e+000
3.357615684538714e-004	1.163651e+001	5.803854e+000	2.923479e+000
3.367381309538714e-004	1.142645e+001	5.699337e+000	2.921833e+000
3.377146934538714e-004	1.120315e+001	5.588232e+000	2.920015e+000
3.386912559538714e-004	1.096745e+001	5.470959e+000	2.918016e+000
3.396678184538714e-004	1.072024e+001	5.347959e+000	2.915821e+000
3.406443809538714e-004	1.046245e+001	5.219694e+000	2.913414e+000
3.425975059538714e-004	9.919065e+000	4.949326e+000	2.907890e+000
3.445506309538714e-004	9.345470e+000	4.663922e+000	2.901239e+000
3.465037559538714e-004	8.750302e+000	4.367778e+000	2.893156e+000
3.484568809538714e-004	8.142520e+000	4.065349e+000	2.883140e+000
3.504100059538714e-004	7.531273e+000	3.761182e+000	2.870314e+000
3.523631309538714e-004	6.925764e+000	3.459847e+000	2.852908e+000
3.533396934538714e-004	6.628016e+000	3.311656e+000	2.841338e+000
3.543162559538714e-004	6.335107e+000	3.165857e+000	2.826539e+000
3.552928184538714e-004	6.048139e+000	3.022985e+000	2.806190e+000
3.562693809538714e-004	5.768193e+000	2.883555e+000	2.775271e+000
3.572459434538714e-004	5.496325e+000	2.748045e+000	2.724574e+000
3.582225059538714e-004	5.233557e+000	2.616918e+000	2.644824e+000
3.591990684538714e-004	4.979825e+000	2.490154e+000	2.538430e+000
3.598089403054774e-004	4.826861e+000	2.413680e+000	2.463503e+000
3.611582612932576e-004	4.507397e+000	2.253920e+000	2.298351e+000
3.631113862932576e-004	4.088256e+000	2.044311e+000	2.080841e+000
3.650645112932576e-004	3.725902e+000	1.863099e+000	1.892617e+000
3.670176362932576e-004	3.426575e+000	1.713403e+000	1.736440e+000
3.679941987932576e-004	3.301995e+000	1.651097e+000	1.671022e+000
3.689707612932576e-004	3.194786e+000	1.597477e+000	1.614349e+000
3.699473237932576e-004	3.105350e+000	1.552745e+000	1.566611e+000
3.709238862932576e-004	3.034027e+000	1.517068e+000	1.527965e+000
3.719004487932576e-004	2.981086e+000	1.490583e+000	1.498537e+000
3.728770112932576e-004	2.946726e+000	1.473388e+000	1.478420e+000
3.738535737932577e-004	2.931078e+000	1.465550e+000	1.467671e+000
3.748301362932577e-004	2.934202e+000	1.467097e+000	1.466318e+000
3.758066987932577e-004	2.956088e+000	1.478025e+000	1.474351e+000
3.767832612932577e-004	2.996652e+000	1.498293e+000	1.491723e+000
3.777598237932577e-004	3.055745e+000	1.527825e+000	1.518348e+000
3.787363862932577e-004	3.133145e+000	1.566510e+000	1.554113e+000
3.797129487932577e-004	3.228560e+000	1.614203e+000	1.598866e+000
3.806895112932577e-004	3.341633e+000	1.670725e+000	1.652419e+000
3.826426362932577e-004	3.618990e+000	1.809373e+000	1.785006e+000
3.845957612932577e-004	3.961051e+000	1.980372e+000	1.949685e+000
3.865488862932577e-004	4.362679e+000	2.181152e+000	2.143712e+000
3.885020112932577e-004	4.817839e+000	2.408695e+000	2.363732e+000
3.894785737932577e-004	5.063385e+000	2.531445e+000	2.481907e+000
3.904551362932577e-004	5.319693e+000	2.659553e+000	2.600772e+000
3.914316987932577e-004	5.585272e+000	2.792211e+000	2.707203e+000
3.921676865141843e-004	5.791469e+000	2.895077e+000	2.763613e+000
3.929826695866598e-004	6.025548e+000	3.011708e+000	2.798606e+000
3.937979499334824e-004	6.264617e+000	3.130752e+000	2.819352e+000
3.946674073749305e-004	6.524457e+000	3.260102e+000	2.834846e+000
3.956439698749305e-004	6.821114e+000	3.407758e+000	2.848016e+000
3.975970948749305e-004	7.425440e+000	3.708513e+000	2.867015e+000
3.995502198749305e-004	8.037268e+000	4.012972e+000	2.880711e+000
4.015033448749305e-004	8.647399e+000	4.316573e+000	2.891275e+000
4.034564698749305e-004	9.246665e+000	4.614758e+000	2.899742e+000
4.054095948749305e-004	9.826059e+000	4.903048e+000	2.906678e+000
4.073627198749305e-004	1.037687e+001	5.177114e+000	2.912430e+000
4.083392823749305e-004	1.063896e+001	5.307515e+000	2.914935e+000
4.093158448749305e-004	1.089083e+001	5.432837e+000	2.917220e+000
4.102924073749305e-004	1.113155e+001	5.552607e+000	2.919303e+000
4.112689698749305e-004	1.136020e+001	5.666375e+000	2.921199e+000
4.122455323749305e-004	1.157594e+001	5.773715e+000	2.922919e+000
4.132220948749305e-004	1.177794e+001	5.874221e+000	2.924473e+000
4.141986573749305e-004	1.196545e+001	5.967517e+000	2.925870e+000
4.151752198749305e-004	1.213777e+001	6.053252e+000	2.927119e+000
4.161517823749305e-004	1.229424e+001	6.131104e+000	2.928224e+000
4.171283448749305e-004	1.243427e+001	6.200778e+000	2.929191e+000
4.181049073749305e-004	1.255735e+001	6.262016e+000	2.930026e+000
4.190814698749305e-004	1.266301e+001	6.314586e+000	2.930730e+000
4.200580323749305e-004	1.275085e+001	6.358290e+000	2.931309e+000
4.210345948749306e-004	1.282054e+001	6.392964e+000	2.931763e+000
4.220111573749306e-004	1.287182e+001	6.418479e+000	2.932096e+000
4.229877198749306e-004	1.290450e+001	6.434739e+000	2.932307e+000
4.239642823749306e-004	1.291846e+001	6.441683e+000	2.932399e+000
4.249408448749306e-004	1.291364e+001	6.439285e+000	2.932372e+000
4.259174073749306e-004	1.289006e+001	6.427555e+000	2.932225e+000
4.268939698749306e-004	1.284782e+001	6.406537e+000	2.931958e+000
4.278705323749306e-004	1.278707e+001	6.376311e+000	2.931570e+000
4.288470948749306e-004	1.270804e+001	6.336991e+000	2.931059e+000
4.298236573749306e-004	1.261103e+001	6.288725e+000	2.930423e+000
4.308002198749306e-004	1.249641e+001	6.231695e+000	2.929660e+000
4.317767823749306e-004	1.236461e+001	6.166117e+000	2.928765e+000
4.327533448749306e-004	1.221612e+001	6.092237e+000	2.927736e+000
4.337299073749306e-004	1.205150e+001	6.010333e+000	2.926567e+000
4.347064698749306e-004	1.187138e+001	5.920715e+000	2.925252e+000
4.356830323749306e-004	1.167644e+001	5.823720e+000	2.923785e+000
4.366595948749306e-004	1.146740e+001	5.719713e+000	2.922158e+000
4.376361573749306e-004	1.124506e+001	5.609087e+000	2.920362e+000
4.386127198749306e-004	1.101025e+001	5.492257e+000	2.918386e+000
4.395892823749306e-004	1.076386e+001	5.369664e+000	2.916216e+000
4.405658448749306e-004	1.050682e+001	5.241770e+000	2.913838e+000
4.425189698749306e-004	9.964678e+000	4.972020e+000	2.908380e+000
4.444720948749306e-004	9.391989e+000	4.687068e+000	2.901816e+000
4.464252198749306e-004	8.797375e+000	4.391201e+000	2.893849e+000
4.483783448749306e-004	8.189781e+000	4.088866e+000	2.884001e+000
4.503314698749306e-004	7.578355e+000	3.784612e+000	2.871436e+000
4.522845948749306e-004	6.972298e+000	3.483006e+000	2.854493e+000
4.532611573749306e-004	6.674139e+000	3.334613e+000	2.843318e+000
4.542377198749306e-004	6.380730e+000	3.188568e+000	2.829146e+000
4.552142823749306e-004	6.093174e+000	3.045410e+000	2.809924e+000
4.561908448749306e-004	5.812556e+000	2.905656e+000	2.781249e+000
4.571674073749306e-004	5.539930e+000	2.769789e+000	2.734623e+000
4.581439698749306e-004	5.276325e+000	2.638272e+000	2.660110e+000
4.591205323749306e-004	5.021740e+000	2.511104e+000	2.557929e+000
4.597503657107126e-004	4.863281e+000	2.431890e+000	2.481728e+000
4.603967020841133e-004	4.706275e+000	2.353377e+000	2.401211e+000
4.620057660416701e-004	4.341008e+000	2.170709e+000	2.211748e+000
4.639588910416701e-004	3.945202e+000	1.972769e+000	2.006287e+000
4.659120160416701e-004	3.609447e+000	1.804857e+000	1.831598e+000
4.678651410416701e-004	3.338797e+000	1.669500e+000	1.689894e+000
4.688417035416701e-004	3.229201e+000	1.614687e+000	1.632012e+000
4.698182660416701e-004	3.137330e+000	1.568736e+000	1.583041e+000
4.707948285416701e-004	3.063530e+000	1.531822e+000	1.543145e+000
4.717713910416701e-004	3.008080e+000	1.504082e+000	1.512454e+000
4.727479535416701e-004	2.971190e+000	1.485622e+000	1.491062e+000
4.737245160416701e-004	2.953000e+000	1.476512e+000	1.479034e+000
4.747010785416701e-004	2.953577e+000	1.476786e+000	1.476401e+000
4.756776410416701e-004	2.972921e+000	1.486444e+000	1.483158e+000
4.766542035416701e-004	3.010960e+000	1.505449e+000	1.499260e+000
4.776307660416701e-004	3.067551e+000	1.533730e+000	1.524630e+000
4.786073285416701e-004	3.142482e+000	1.571181e+000	1.559157e+000
4.795838910416701e-004	3.235471e+000	1.617661e+000	1.602693e+000
4.805604535416701e-004	3.346170e+000	1.672995e+000	1.655056e+000
4.825135785416701e-004	3.618966e+000	1.809363e+000	1.785359e+000
4.844667035416702e-004	3.956773e+000	1.978235e+000	1.947912e+000
4.864198285416702e-004	4.354516e+000	2.177073e+000	2.140005e+000
4.883729535416702e-004	4.806216e+000	2.402885e+000	2.358321e+000
4.893495160416702e-004	5.050209e+000	2.524859e+000	2.475792e+000
4.903260785416702e-004	5.305087e+000	2.652255e+000	2.594510e+000
4.913026410416702e-004	5.569358e+000	2.784269e+000	2.702128e+000
4.920391202874676e-004	5.774810e+000	2.886772e+000	2.760206e+000
4.928620961586817e-004	6.010310e+000	3.004119e+000	2.796928e+000
4.936765854135220e-004	6.248389e+000	3.122672e+000	2.818214e+000
4.945478222272229e-004	6.508070e+000	3.251945e+000	2.833999e+000
4.955243847272229e-004	6.804082e+000	3.399282e+000	2.847359e+000
4.974775097272229e-004	7.407531e+000	3.699600e+000	2.866548e+000
4.994306347272229e-004	8.019041e+000	4.003903e+000	2.880356e+000
5.013837597272229e-004	8.629421e+000	4.307628e+000	2.890996e+000
5.033368847272229e-004	9.229495e+000	4.606215e+000	2.899519e+000
5.052900097272229e-004	9.810242e+000	4.895178e+000	2.906502e+000
5.072431347272229e-004	1.036293e+001	5.170176e+000	2.912293e+000
5.082196972272229e-004	1.062614e+001	5.301137e+000	2.914815e+000
5.091962597272229e-004	1.087925e+001	5.427077e+000	2.917117e+000
5.101728222272229e-004	1.112133e+001	5.547523e+000	2.919216e+000
5.111493847272229e-004	1.135145e+001	5.662021e+000	2.921127e+000
5.121259472272229e-004	1.156876e+001	5.770141e+000	2.922862e+000
5.131025097272229e-004	1.177242e+001	5.871476e+000	2.924431e+000
5.140790722272229e-004	1.196169e+001	5.965646e+000	2.925842e+000
5.150556347272229e-004	1.213584e+001	6.052296e+000	2.927104e+000
5.160321972272229e-004	1.229423e+001	6.131101e+000	2.928223e+000
5.170087597272229e-004	1.243625e+001	6.201764e+000	2.929204e+000
5.179853222272229e-004	1.256138e+001	6.264019e+000	2.930052e+000
5.189618847272229e-004	1.266913e+001	6.317633e+000	2.930770e+000
5.199384472272229e-004	1.275912e+001	6.362404e+000	2.931362e+000
5.209150097272229e-004	1.283099e+001	6.398164e+000	2.931830e+000
5.218915722272229e-004	1.288448e+001	6.424778e+000	2.932176e+000
5.228681347272229e-004	1.291939e+001	6.442148e+000	2.932401e+000
5.238446972272229e-004	1.293559e+001	6.450207e+000	2.932507e+000
5.248212597272229e-004	1.293302e+001	6.448925e+000	2.932494e+000
5.257978222272229e-004	1.291168e+001	6.438309e+000	2.932362e+000
5.267743847272229e-004	1.287166e+001	6.418397e+000	2.932110e+000
5.277509472272229e-004	1.281311e+001	6.389266e+000	2.931737e+000
5.287275097272229e-004	1.273625e+001	6.351025e+000	2.931242e+000
5.297040722272229e-004	1.264137e+001	6.303818e+000	2.930623e+000
5.306806347272229e-004	1.252883e+001	6.247823e+000	2.929877e+000
5.316571972272229e-004	1.239905e+001	6.183252e+000	2.929001e+000
5.326337597272229e-004	1.225252e+001	6.110347e+000	2.927990e+000
5.336103222272229e-004	1.208979e+001	6.029383e+000	2.926841e+000
5.345868847272229e-004	1.191148e+001	5.940666e+000	2.925548e+000
5.355634472272229e-004	1.171826e+001	5.844528e+000	2.924104e+000
5.365400097272229e-004	1.151085e+001	5.741333e+000	2.922501e+000
5.375165722272229e-004	1.129004e+001	5.631469e+000	2.920731e+000
5.384931347272229e-004	1.105666e+001	5.515349e+000	2.918783e+000
5.394696972272229e-004	1.081159e+001	5.393411e+000	2.916644e+000
5.404462597272229e-004	1.055575e+001	5.266114e+000	2.914300e+000
5.414228222272229e-004	1.029010e+001	5.133937e+000	2.911733e+000
5.433759472272229e-004	9.733412e+000	4.856951e+000	2.905840e+000
5.453290722272229e-004	9.149915e+000	4.566618e+000	2.898735e+000
5.472821972272229e-004	8.548386e+000	4.267306e+000	2.890060e+000
5.492353222272229e-004	7.937875e+000	3.963516e+000	2.879222e+000
5.511884472272229e-004	7.327571e+000	3.659812e+000	2.865133e+000
5.521650097272229e-004	7.025370e+000	3.509419e+000	2.856240e+000
5.531415722272229e-004	6.726656e+000	3.360752e+000	2.845480e+000
5.541181347272229e-004	6.432555e+000	3.214365e+000	2.831956e+000
5.550946972272229e-004	6.144174e+000	3.070802e+000	2.813868e+000
5.560712597272229e-004	5.862597e+000	2.930583e+000	2.787415e+000
5.570478222272229e-004	5.588887e+000	2.794198e+000	2.744940e+000
5.580243847272229e-004	5.324074e+000	2.662107e+000	2.676135e+000
5.590009472272229e-004	5.068281e+000	2.534363e+000	2.578877e+000
5.596698036443712e-004	4.899016e+000	2.449757e+000	2.499516e+000
5.602309829265524e-004	4.761598e+000	2.381042e+000	2.429633e+000
5.617591700372185e-004	4.410757e+000	2.205590e+000	2.247772e+000
5.637122950372185e-004	4.007678e+000	2.004011e+000	2.038518e+000
5.656654200372185e-004	3.663945e+000	1.832110e+000	1.859743e+000
5.676185450372185e-004	3.384732e+000	1.692472e+000	1.713697e+000
5.685951075372185e-004	3.270674e+000	1.635428e+000	1.653562e+000
5.695716700372185e-004	3.174244e+000	1.587197e+000	1.602295e+000
5.705482325372185e-004	3.095804e+000	1.547962e+000	1.560064e+000
5.715247950372185e-004	3.035650e+000	1.517871e+000	1.527008e+000
5.725013575372185e-004	2.994010e+000	1.497036e+000	1.503233e+000
5.734779200372185e-004	2.971041e+000	1.485537e+000	1.488809e+000
5.744544825372185e-004	2.966829e+000	1.483416e+000	1.483774e+000
5.754310450372185e-004	2.981391e+000	1.490683e+000	1.488132e+000
5.764076075372185e-004	3.014673e+000	1.507309e+000	1.501852e+000
5.773841700372185e-004	3.066549e+000	1.533233e+000	1.524864e+000
5.783607325372185e-004	3.136826e+000	1.568357e+000	1.557064e+000
5.793372950372185e-004	3.225239e+000	1.612548e+000	1.598312e+000
5.803138575372185e-004	3.331456e+000	1.665642e+000	1.648437e+000
5.822669825372185e-004	3.595640e+000	1.797704e+000	1.774446e+000
5.842201075372185e-004	3.925407e+000	1.962556e+000	1.933005e+000
5.861732325372185e-004	4.315803e+000	2.157720e+000	2.121472e+000
5.881263575372185e-004	4.760959e+000	2.380261e+000	2.336614e+000
5.891029200372185e-004	5.002010e+000	2.500765e+000	2.452820e+000
5.900794825372185e-004	5.254183e+000	2.626816e+000	2.571770e+000
5.910560450372185e-004	5.516018e+000	2.757638e+000	2.683359e+000
5.918091338322084e-004	5.724469e+000	2.861667e+000	2.748289e+000
5.926578896575002e-004	5.965979e+000	2.982034e+000	2.790900e+000
5.936094509249063e-004	6.243071e+000	3.120023e+000	2.817590e+000
5.944770127723696e-004	6.501037e+000	3.248445e+000	2.833701e+000
5.954535752723696e-004	6.796659e+000	3.395587e+000	2.847101e+000
5.974067002723696e-004	7.399555e+000	3.695631e+000	2.866338e+000
5.993598252723696e-004	8.010846e+000	3.999825e+000	2.880195e+000
6.013129502723696e-004	8.621341e+000	4.303607e+000	2.890870e+000
6.032660752723696e-004	9.221860e+000	4.602415e+000	2.899420e+000
6.052192002723696e-004	9.803376e+000	4.891761e+000	2.906425e+000
6.071723252723696e-004	1.035715e+001	5.167297e+000	2.912236e+000
6.081488877723696e-004	1.062100e+001	5.298582e+000	2.914767e+000
6.091254502723696e-004	1.087484e+001	5.424881e+000	2.917078e+000
6.101020127723696e-004	1.111771e+001	5.545720e+000	2.919185e+000
6.110785752723696e-004	1.134868e+001	5.660643e+000	2.921104e+000
6.120551377723696e-004	1.156690e+001	5.769218e+000	2.922847e+000
6.130317002723696e-004	1.177154e+001	5.871038e+000	2.924424e+000
6.140082627723696e-004	1.196184e+001	5.965719e+000	2.925843e+000
6.149848252723696e-004	1.213707e+001	6.052905e+000	2.927113e+000
6.159613877723696e-004	1.229658e+001	6.132267e+000	2.928239e+000
6.169379502723696e-004	1.243976e+001	6.203509e+000	2.929228e+000
6.179145127723696e-004	1.256609e+001	6.266362e+000	2.930083e+000
6.188910752723696e-004	1.267508e+001	6.320589e+000	2.930809e+000
6.198676377723696e-004	1.276632e+001	6.365987e+000	2.931408e+000
6.208442002723696e-004	1.283948e+001	6.402385e+000	2.931884e+000
6.218207627723696e-004	1.289427e+001	6.429646e+000	2.932238e+000
6.227973252723696e-004	1.293049e+001	6.447668e+000	2.932471e+000
6.237738877723696e-004	1.294801e+001	6.456384e+000	2.932585e+000
6.247504502723696e-004	1.294675e+001	6.455760e+000	2.932581e+000
6.257270127723696e-004	1.292673e+001	6.445799e+000	2.932457e+000
6.267035752723696e-004	1.288802e+001	6.426539e+000	2.932214e+000
6.276801377723696e-004	1.283077e+001	6.398054e+000	2.931850e+000
6.286567002723696e-004	1.275519e+001	6.360449e+000	2.931365e+000
6.296332627723696e-004	1.266156e+001	6.313867e+000	2.930756e+000
6.306098252723696e-004	1.255025e+001	6.258483e+000	2.930020e+000
6.315863877723696e-004	1.242167e+001	6.194506e+000	2.929155e+000
6.325629502723696e-004	1.227629e+001	6.122177e+000	2.928156e+000
6.335395127723696e-004	1.211468e+001	6.041768e+000	2.927019e+000
6.345160752723696e-004	1.193744e+001	5.953582e+000	2.925739e+000
6.354926377723696e-004	1.174524e+001	5.857951e+000	2.924309e+000
6.364692002723696e-004	1.153880e+001	5.755236e+000	2.922721e+000
6.374457627723696e-004	1.131889e+001	5.645822e+000	2.920966e+000
6.384223252723696e-004	1.108636e+001	5.530122e+000	2.919035e+000
6.393988877723696e-004	1.084206e+001	5.408572e+000	2.916915e+000
6.403754502723696e-004	1.058693e+001	5.281629e+000	2.914592e+000
6.413520127723696e-004	1.032192e+001	5.149770e+000	2.912048e+000
6.433051377723696e-004	9.766289e+000	4.873309e+000	2.906210e+000
6.452582627723696e-004	9.183537e+000	4.583347e+000	2.899175e+000
6.472113877723696e-004	8.582429e+000	4.284246e+000	2.890597e+000
6.491645127723696e-004	7.972009e+000	3.980501e+000	2.879899e+000
6.511176377723696e-004	7.361462e+000	3.676678e+000	2.866035e+000
6.530707627723696e-004	6.759974e+000	3.377334e+000	2.846804e+000
6.540473252723696e-004	6.465464e+000	3.230747e+000	2.833663e+000
6.550238877723696e-004	6.176594e+000	3.086944e+000	2.816235e+000
6.560004502723696e-004	5.894452e+000	2.946449e+000	2.791056e+000
6.569770127723696e-004	5.620100e+000	2.809757e+000	2.751019e+000
6.579535752723696e-004	5.354571e+000	2.677328e+000	2.685778e+000
6.589301377723696e-004	5.098114e+000	2.549270e+000	2.591774e+000
6.596408310429730e-004	4.917834e+000	2.459165e+000	2.508700e+000
6.602044358017913e-004	4.779539e+000	2.390013e+000	2.438764e+000
6.617321952896438e-004	4.428190e+000	2.214307e+000	2.256693e+000
6.636853202896438e-004	4.024260e+000	2.012303e+000	2.046974e+000
6.656384452896438e-004	3.679599e+000	1.839938e+000	1.867709e+000
6.675915702896438e-004	3.399394e+000	1.699804e+000	1.721149e+000
6.685681327896438e-004	3.284820e+000	1.642501e+000	1.660749e+000
6.695446952896438e-004	3.187863e+000	1.594007e+000	1.609213e+000
6.705212577896438e-004	3.108887e+000	1.554504e+000	1.566709e+000
6.714978202896438e-004	3.048190e+000	1.524141e+000	1.533377e+000
6.724743827896438e-004	3.006001e+000	1.503032e+000	1.509323e+000
6.734509452896438e-004	2.982480e+000	1.491257e+000	1.494620e+000
6.744275077896438e-004	2.977715e+000	1.488860e+000	1.489304e+000
6.754040702896438e-004	2.991725e+000	1.495850e+000	1.493383e+000
6.763806327896438e-004	3.024457e+000	1.512201e+000	1.506825e+000
6.773571952896438e-004	3.075788e+000	1.537852e+000	1.529562e+000
6.783337577896438e-004	3.145526e+000	1.572707e+000	1.561488e+000
6.793103202896438e-004	3.233408e+000	1.616633e+000	1.602469e+000
6.802868827896438e-004	3.339105e+000	1.669467e+000	1.652331e+000
6.822400077896438e-004	3.602285e+000	1.801027e+000	1.777832e+000
6.841931327896438e-004	3.931112e+000	1.965408e+000	1.935914e+000
6.861462577896438e-004	4.320642e+000	2.160140e+000	2.123941e+000
6.880993827896438e-004	4.765018e+000	2.382291e+000	2.338684e+000
6.890759452896438e-004	5.005717e+000	2.502619e+000	2.454701e+000
6.900525077896438e-004	5.257563e+000	2.628506e+000	2.573406e+000
6.910290702896438e-004	5.519093e+000	2.759174e+000	2.684577e+000
6.917811373367396e-004	5.727042e+000	2.862951e+000	2.748999e+000
6.926282698386633e-004	5.967715e+000	2.982900e+000	2.791478e+000
6.934879207889926e-004	6.217603e+000	3.107344e+000	2.815841e+000
6.943909661571988e-004	6.485643e+000	3.240782e+000	2.832834e+000
6.953675286571988e-004	6.780743e+000	3.387666e+000	2.846481e+000
6.973206536571988e-004	7.382995e+000	3.687390e+000	2.865901e+000
6.992737786571988e-004	7.994046e+000	3.991465e+000	2.879864e+000
7.012269036571988e-004	8.604706e+000	4.295330e+000	2.890609e+000
7.031800286571988e-004	9.205794e+000	4.594421e+000	2.899210e+000
7.051331536571988e-004	9.788271e+000	4.884246e+000	2.906256e+000
7.070862786571988e-004	1.034338e+001	5.160448e+000	2.912100e+000
7.080628411571988e-004	1.060804e+001	5.292133e+000	2.914645e+000
7.090394036571988e-004	1.086277e+001	5.418876e+000	2.916970e+000
7.100159661571988e-004	1.110661e+001	5.540198e+000	2.919091e+000
7.109925286571988e-004	1.133864e+001	5.655645e+000	2.921022e+000
7.119690911571988e-004	1.155798e+001	5.764781e+000	2.922777e+000
7.129456536571988e-004	1.176382e+001	5.867197e+000	2.924365e+000
7.139222161571988e-004	1.195538e+001	5.962506e+000	2.925796e+000
7.148987786571988e-004	1.213194e+001	6.050351e+000	2.927076e+000
7.158753411571988e-004	1.229282e+001	6.130401e+000	2.928213e+000
7.168519036571988e-004	1.243744e+001	6.202354e+000	2.929212e+000
7.178284661571988e-004	1.256524e+001	6.265942e+000	2.930077e+000
7.188050286571988e-004	1.267575e+001	6.320922e+000	2.930813e+000
7.197815911571988e-004	1.276854e+001	6.367091e+000	2.931422e+000
7.207581536571988e-004	1.284327e+001	6.404273e+000	2.931908e+000
7.217347161571988e-004	1.289966e+001	6.432329e+000	2.932272e+000
7.227112786571988e-004	1.293749e+001	6.451154e+000	2.932515e+000
7.236878411571988e-004	1.295663e+001	6.460676e+000	2.932640e+000
7.246644036571988e-004	1.295700e+001	6.460861e+000	2.932645e+000
7.256409661571988e-004	1.293861e+001	6.451708e+000	2.932532e+000
7.266175286571988e-004	1.290151e+001	6.433250e+000	2.932300e+000
7.275940911571988e-004	1.284585e+001	6.405559e+000	2.931947e+000
7.285706536571988e-004	1.277185e+001	6.368738e+000	2.931473e+000
7.295472161571988e-004	1.267977e+001	6.322926e+000	2.930875e+000
7.305237786571988e-004	1.256997e+001	6.268295e+000	2.930152e+000
7.315003411571988e-004	1.244286e+001	6.205052e+000	2.929299e+000
7.324769036571988e-004	1.229892e+001	6.133434e+000	2.928313e+000
7.334534661571988e-004	1.213869e+001	6.053711e+000	2.927190e+000
7.344300286571988e-004	1.196277e+001	5.966184e+000	2.925924e+000
7.354065911571988e-004	1.177183e+001	5.871181e+000	2.924509e+000
7.363831536571988e-004	1.156658e+001	5.769060e+000	2.922938e+000
7.373597161571988e-004	1.134780e+001	5.660207e+000	2.921201e+000
7.383362786571988e-004	1.111632e+001	5.545030e+000	2.919289e+000
7.393128411571988e-004	1.087299e+001	5.423963e+000	2.917189e+000
7.402894036571988e-004	1.061875e+001	5.297462e+000	2.914888e+000
7.412659661571988e-004	1.035454e+001	5.166003e+000	2.912369e+000
7.432190911571988e-004	9.800249e+000	4.890206e+000	2.906588e+000
7.451722161571988e-004	9.218454e+000	4.600722e+000	2.899628e+000
7.471253411571988e-004	8.617911e+000	4.301902e+000	2.891149e+000
7.490784661571988e-004	8.007655e+000	3.998239e+000	2.880595e+000
7.510315911571988e-004	7.396865e+000	3.694296e+000	2.866960e+000
7.529847161571988e-004	6.794732e+000	3.394634e+000	2.848149e+000
7.539612786571988e-004	6.499752e+000	3.247814e+000	2.835383e+000
7.549378411571988e-004	6.210314e+000	3.103732e+000	2.818590e+000
7.559144036571988e-004	5.927510e+000	2.962914e+000	2.794622e+000
7.568909661571988e-004	5.652403e+000	2.825857e+000	2.756925e+000
7.578675286571988e-004	5.386030e+000	2.693026e+000	2.695241e+000
7.588440911571988e-004	5.128831e+000	2.564615e+000	2.604519e+000
7.596205640801407e-004	4.931393e+000	2.465942e+000	2.515144e+000
7.601925796576906e-004	4.790810e+000	2.395649e+000	2.444457e+000
7.617278599019666e-004	4.437487e+000	2.218956e+000	2.261425e+000
7.636809849019666e-004	4.033381e+000	2.016864e+000	2.051598e+000
7.656341099019666e-004	3.688530e+000	1.844404e+000	1.872223e+000
7.675872349019666e-004	3.408126e+000	1.704170e+000	1.725554e+000
7.685637974019666e-004	3.293449e+000	1.646816e+000	1.665099e+000
7.695403599019666e-004	3.196387e+000	1.598270e+000	1.613507e+000
7.705169224019666e-004	3.117306e+000	1.558714e+000	1.570947e+000
7.714934849019666e-004	3.056502e+000	1.528297e+000	1.537558e+000
7.724700474019666e-004	3.014206e+000	1.507134e+000	1.513448e+000
7.734466099019666e-004	2.990576e+000	1.495305e+000	1.498688e+000
7.744231724019666e-004	2.985703e+000	1.492854e+000	1.493316e+000
7.753997349019666e-004	2.999604e+000	1.499790e+000	1.497338e+000
7.763762974019666e-004	3.032228e+000	1.516087e+000	1.510724e+000
7.773528599019666e-004	3.083452e+000	1.541685e+000	1.533405e+000
7.783294224019666e-004	3.153084e+000	1.576486e+000	1.565276e+000
7.793059849019666e-004	3.240862e+000	1.620360e+000	1.606202e+000
7.802825474019666e-004	3.346456e+000	1.673142e+000	1.656010e+000
7.822356724019666e-004	3.609437e+000	1.804603e+000	1.781406e+000
7.841887974019666e-004	3.938075e+000	1.968890e+000	1.939386e+000
7.861419224019666e-004	4.327427e+000	2.163533e+000	2.127315e+000
7.880950474019666e-004	4.771642e+000	2.385603e+000	2.341963e+000
7.890716099019666e-004	5.012265e+000	2.505893e+000	2.457918e+000
7.900481724019666e-004	5.264040e+000	2.631743e+000	2.576420e+000
7.910247349019666e-004	5.525496e+000	2.762371e+000	2.686998e+000
7.917737852864732e-004	5.732546e+000	2.865696e+000	2.750443e+000
7.926170633162541e-004	5.972027e+000	2.985049e+000	2.792111e+000
7.934656054828264e-004	6.218564e+000	3.107822e+000	2.815942e+000
7.943651673496455e-004	6.485429e+000	3.240675e+000	2.832820e+000
7.953417298496455e-004	6.780378e+000	3.387484e+000	2.846461e+000
7.972948548496455e-004	7.382407e+000	3.687097e+000	2.865885e+000
7.992479798496455e-004	7.993355e+000	3.991121e+000	2.879850e+000
8.012011048496455e-004	8.604034e+000	4.294995e+000	2.890598e+000
8.031542298496455e-004	9.205262e+000	4.594156e+000	2.899203e+000
8.051073548496456e-004	9.787997e+000	4.884109e+000	2.906252e+000
8.070604798496456e-004	1.034348e+001	5.160496e+000	2.912100e+000
8.080370423496456e-004	1.060837e+001	5.292295e+000	2.914649e+000
8.090136048496456e-004	1.086335e+001	5.419163e+000	2.916975e+000
8.099901673496456e-004	1.110746e+001	5.540624e+000	2.919098e+000
8.109667298496456e-004	1.133979e+001	5.656220e+000	2.921031e+000
8.119432923496456e-004	1.155946e+001	5.765517e+000	2.922788e+000
8.129198548496456e-004	1.176565e+001	5.868104e+000	2.924379e+000
8.138964173496456e-004	1.195757e+001	5.963595e+000	2.925811e+000
8.148729798496456e-004	1.213451e+001	6.051631e+000	2.927094e+000
8.158495423496456e-004	1.229580e+001	6.131879e+000	2.928233e+000
8.168261048496456e-004	1.244083e+001	6.204040e+000	2.929235e+000
8.178026673496456e-004	1.256906e+001	6.267840e+000	2.930102e+000
8.187792298496456e-004	1.268000e+001	6.323040e+000	2.930841e+000
8.197557923496456e-004	1.277325e+001	6.369433e+000	2.931453e+000
8.207323548496456e-004	1.284844e+001	6.406844e+000	2.931941e+000
8.217089173496456e-004	1.290529e+001	6.435132e+000	2.932307e+000
8.226854798496456e-004	1.294360e+001	6.454191e+000	2.932554e+000
8.236620423496456e-004	1.296321e+001	6.463949e+000	2.932681e+000
8.246386048496456e-004	1.296406e+001	6.464370e+000	2.932690e+000
8.256151673496456e-004	1.294613e+001	6.455452e+000	2.932580e+000
8.265917298496456e-004	1.290951e+001	6.437230e+000	2.932350e+000
8.275682923496456e-004	1.285432e+001	6.409770e+000	2.932001e+000
8.285448548496456e-004	1.278077e+001	6.373178e+000	2.931530e+000
8.295214173496456e-004	1.268915e+001	6.327592e+000	2.930937e+000
8.304979798496456e-004	1.257979e+001	6.273181e+000	2.930217e+000
8.314745423496456e-004	1.245311e+001	6.210152e+000	2.929368e+000
8.324511048496456e-004	1.230959e+001	6.138741e+000	2.928387e+000
8.334276673496456e-004	1.214976e+001	6.059219e+000	2.927269e+000
8.344042298496456e-004	1.197423e+001	5.971883e+000	2.926008e+000
8.353807923496456e-004	1.178365e+001	5.877063e+000	2.924598e+000
8.363573548496456e-004	1.157875e+001	5.775115e+000	2.923033e+000
8.373339173496456e-004	1.136030e+001	5.666424e+000	2.921302e+000
8.383104798496456e-004	1.112912e+001	5.551399e+000	2.919397e+000
8.392870423496456e-004	1.088608e+001	5.430471e+000	2.917305e+000
8.402636048496456e-004	1.063209e+001	5.304098e+000	2.915012e+000
8.412401673496456e-004	1.036811e+001	5.172753e+000	2.912502e+000
8.431932923496456e-004	9.814197e+000	4.897146e+000	2.906743e+000
8.451464173496456e-004	9.232670e+000	4.607795e+000	2.899811e+000
8.470995423496456e-004	8.632277e+000	4.309050e+000	2.891371e+000
8.490526673496456e-004	8.022048e+000	4.005402e+000	2.880873e+000
8.510057923496456e-004	7.411167e+000	3.701413e+000	2.867328e+000
8.529589173496456e-004	6.808821e+000	3.401646e+000	2.848683e+000
8.539354798496456e-004	6.513689e+000	3.254751e+000	2.836066e+000
8.549120423496456e-004	6.224072e+000	3.110581e+000	2.819522e+000
8.558886048496456e-004	5.941060e+000	2.969661e+000	2.796027e+000
8.568651673496456e-004	5.665717e+000	2.832492e+000	2.759251e+000
8.578417298496456e-004	5.399080e+000	2.699538e+000	2.699022e+000
8.588182923496456e-004	5.141691e+000	2.571039e+000	2.609674e+000
8.596297223161927e-004	4.935289e+000	2.467890e+000	2.516924e+000
8.602079133066500e-004	4.793217e+000	2.396853e+000	2.445647e+000
8.617498789406929e-004	4.438681e+000	2.219553e+000	2.261976e+000
8.637030039406929e-004	4.035172e+000	2.017760e+000	2.052446e+000
8.656561289406929e-004	3.690984e+000	1.845631e+000	1.873400e+000
8.676092539406929e-004	3.411295e+000	1.705754e+000	1.727086e+000
8.685858164406929e-004	3.296992e+000	1.648587e+000	1.666817e+000
8.695623789406929e-004	3.200314e+000	1.600233e+000	1.615414e+000
8.705389414406929e-004	3.121623e+000	1.560872e+000	1.573048e+000
8.715155039406929e-004	3.061216e+000	1.530654e+000	1.539857e+000
8.724920664406929e-004	3.019320e+000	1.509691e+000	1.515946e+000
8.734686289406929e-004	2.996095e+000	1.498064e+000	1.501387e+000
8.744451914406929e-004	2.991627e+000	1.495815e+000	1.496215e+000
8.754217539406929e-004	3.005933e+000	1.502954e+000	1.500438e+000
8.763983164406929e-004	3.038960e+000	1.519453e+000	1.514024e+000
8.773748789406929e-004	3.090584e+000	1.545250e+000	1.536902e+000
8.783514414406929e-004	3.160610e+000	1.580249e+000	1.568969e+000
8.793280039406929e-004	3.248776e+000	1.624317e+000	1.610086e+000
8.803045664406929e-004	3.354749e+000	1.677289e+000	1.660081e+000
8.822576914406929e-004	3.618459e+000	1.809113e+000	1.785835e+000
8.842108164406929e-004	3.947775e+000	1.973739e+000	1.944145e+000
8.861639414406929e-004	4.337746e+000	2.168691e+000	2.132370e+000
8.881170664406929e-004	4.782507e+000	2.391035e+000	2.347267e+000
8.890936289406929e-004	5.023375e+000	2.511446e+000	2.463301e+000
8.900701914406929e-004	5.275373e+000	2.637407e+000	2.581599e+000
8.910467539406929e-004	5.537020e+000	2.768126e+000	2.691232e+000
8.917906684656632e-004	5.742761e+000	2.870792e+000	2.753020e+000
8.926271582902144e-004	5.980386e+000	2.989213e+000	2.793260e+000
8.934638166757462e-004	6.223481e+000	3.110271e+000	2.816346e+000
8.943540656153283e-004	6.487553e+000	3.241732e+000	2.832932e+000
8.953306281153283e-004	6.782441e+000	3.388511e+000	2.846532e+000
8.972837531153283e-004	7.384359e+000	3.688069e+000	2.865937e+000
8.992368781153283e-004	7.995249e+000	3.992064e+000	2.879888e+000
9.011900031153283e-004	8.605923e+000	4.295935e+000	2.890628e+000
9.031431281153283e-004	9.207196e+000	4.595119e+000	2.899228e+000
9.050962531153283e-004	9.790030e+000	4.885120e+000	2.906275e+000
9.070493781153283e-004	1.034565e+001	5.161580e+000	2.912122e+000
9.080259406153283e-004	1.061063e+001	5.293424e+000	2.914670e+000
9.090025031153283e-004	1.086572e+001	5.420342e+000	2.916996e+000
9.099790656153283e-004	1.110995e+001	5.541859e+000	2.919119e+000
9.109556281153283e-004	1.134240e+001	5.657516e+000	2.921053e+000
9.119321906153283e-004	1.156220e+001	5.766880e+000	2.922810e+000
9.129087531153283e-004	1.176853e+001	5.869537e+000	2.924400e+000
9.138853156153283e-004	1.196060e+001	5.965103e+000	2.925833e+000
9.148618781153283e-004	1.213770e+001	6.053217e+000	2.927117e+000
9.158384406153283e-004	1.229915e+001	6.133548e+000	2.928257e+000
9.168150031153283e-004	1.244435e+001	6.205794e+000	2.929259e+000
9.177915656153283e-004	1.257276e+001	6.269683e+000	2.930127e+000
9.187681281153283e-004	1.268389e+001	6.324974e+000	2.930866e+000
9.197446906153283e-004	1.277732e+001	6.371460e+000	2.931479e+000
9.207212531153283e-004	1.285270e+001	6.408966e+000	2.931968e+000
9.216978156153283e-004	1.290975e+001	6.437351e+000	2.932336e+000
9.226743781153283e-004	1.294825e+001	6.456508e+000	2.932583e+000
9.236509406153283e-004	1.296806e+001	6.466364e+000	2.932712e+000
9.246275031153283e-004	1.296911e+001	6.466884e+000	2.932721e+000
9.256040656153283e-004	1.295138e+001	6.458064e+000	2.932613e+000
9.265806281153283e-004	1.291495e+001	6.439939e+000	2.932385e+000
9.275571906153283e-004	1.285996e+001	6.412577e+000	2.932037e+000
9.285337531153283e-004	1.278661e+001	6.376081e+000	2.931568e+000
9.295103156153283e-004	1.269517e+001	6.330587e+000	2.930976e+000
9.304868781153283e-004	1.258600e+001	6.276268e+000	2.930258e+000
9.314634406153283e-004	1.245950e+001	6.213328e+000	2.929412e+000
9.324400031153283e-004	1.231614e+001	6.142004e+000	2.928432e+000
9.334165656153283e-004	1.215648e+001	6.062565e+000	2.927316e+000
9.343931281153283e-004	1.198111e+001	5.975308e+000	2.926058e+000
9.353696906153283e-004	1.179069e+001	5.880564e+000	2.924651e+000
9.363462531153283e-004	1.158593e+001	5.778688e+000	2.923088e+000
9.373228156153283e-004	1.136761e+001	5.670064e+000	2.921361e+000
9.382993781153283e-004	1.113656e+001	5.555100e+000	2.919459e+000
9.392759406153283e-004	1.089363e+001	5.434231e+000	2.917371e+000
9.402525031153283e-004	1.063975e+001	5.307909e+000	2.915083e+000
9.412290656153283e-004	1.037586e+001	5.176611e+000	2.912577e+000
9.431821906153283e-004	9.822102e+000	4.901080e+000	2.906831e+000
9.451353156153283e-004	9.240678e+000	4.611780e+000	2.899914e+000
9.470884406153283e-004	8.640338e+000	4.313061e+000	2.891495e+000
9.490415656153283e-004	8.030111e+000	4.009414e+000	2.881028e+000
9.509946906153283e-004	7.419179e+000	3.705400e+000	2.867533e+000
9.529478156153283e-004	6.816730e+000	3.405582e+000	2.848981e+000
9.539243781153283e-004	6.521528e+000	3.258653e+000	2.836446e+000
9.549009406153283e-004	6.231828e+000	3.114442e+000	2.820041e+000
9.558775031153283e-004	5.948720e+000	2.973477e+000	2.796807e+000
9.568540656153283e-004	5.673271e+000	2.836257e+000	2.760543e+000
9.578306281153283e-004	5.406516e+000	2.703247e+000	2.701132e+000
9.588071906153283e-004	5.149060e+000	2.574719e+000	2.612568e+000
9.596412344080019e-004	4.936910e+000	2.468700e+000	2.517626e+000
9.602238467460400e-004	4.793812e+000	2.397150e+000	2.445920e+000
9.617602724958160e-004	4.440753e+000	2.220588e+000	2.263003e+000
9.637133974958160e-004	4.037552e+000	2.018950e+000	2.053623e+000
9.656665224958160e-004	3.693667e+000	1.846972e+000	1.874725e+000
9.676196474958160e-004	3.414307e+000	1.707260e+000	1.728572e+000
9.685962099958161e-004	3.300176e+000	1.650179e+000	1.668387e+000
9.695727724958161e-004	3.203674e+000	1.601913e+000	1.617071e+000
9.705493349958161e-004	3.125162e+000	1.562642e+000	1.574794e+000
9.715258974958161e-004	3.064938e+000	1.532515e+000	1.541693e+000
9.725024599958161e-004	3.023228e+000	1.511645e+000	1.517873e+000
9.734790224958161e-004	3.000188e+000	1.500111e+000	1.503406e+000
9.744555849958161e-004	2.995907e+000	1.497955e+000	1.498327e+000
9.754321474958161e-004	3.010400e+000	1.505187e+000	1.502641e+000
9.764087099958161e-004	3.043612e+000	1.521779e+000	1.516319e+000
9.773852724958159e-004	3.095420e+000	1.547668e+000	1.539288e+000
9.783618349958158e-004	3.165627e+000	1.582757e+000	1.571444e+000
9.793383974958157e-004	3.253972e+000	1.626915e+000	1.612648e+000
9.803149599958156e-004	3.360120e+000	1.679974e+000	1.662729e+000
9.822680849958154e-004	3.624164e+000	1.811965e+000	1.788646e+000
9.842212099958152e-004	3.953791e+000	1.976747e+000	1.947106e+000
9.861743349958150e-004	4.344044e+000	2.171840e+000	2.135463e+000
9.881274599958148e-004	4.789055e+000	2.394308e+000	2.350471e+000
9.891040224958147e-004	5.030033e+000	2.514775e+000	2.466532e+000
9.900805849958146e-004	5.282132e+000	2.640785e+000	2.584660e+000
9.910571474958144e-004	5.543871e+000	2.771546e+000	2.693624e+000
9.918011217979119e-004	5.749688e+000	2.874246e+000	2.754621e+000
9.926360213765384e-004	5.986913e+000	2.992465e+000	2.794084e+000
9.934698699851799e-004	6.229227e+000	3.113132e+000	2.816782e+000
9.943574457514193e-004	6.492526e+000	3.244208e+000	2.833193e+000
9.953340082514191e-004	6.787424e+000	3.390991e+000	2.846724e+000
9.972871332514189e-004	7.389341e+000	3.690548e+000	2.866070e+000
9.992402582514187e-004	8.000233e+000	3.994544e+000	2.880025e+000
1.000000000000000e-003	8.238518e+000	4.113117e+000	2.884626e+000
