time	V(a)	V(b)	V(out)	V(n002)
0.000000000000000e+000	7.996380e+000	3.992761e+000	2.906920e+000	0.000000e+000
4.618749988886912e-007	8.141456e+000	4.064952e+000	2.909766e+000	1.453284e-001
9.237499977773823e-007	8.285904e+000	4.136830e+000	2.912482e+000	2.902495e-001
1.385624996666073e-006	8.429725e+000	4.208396e+000	2.915068e+000	4.347632e-001
1.847499995554765e-006	8.572918e+000	4.279648e+000	2.917525e+000	5.788696e-001
2.309374994443456e-006	8.715484e+000	4.350588e+000	2.919853e+000	7.225686e-001
2.771249993332147e-006	8.857423e+000	4.421215e+000	2.922051e+000	8.658603e-001
3.233124992220837e-006	8.998734e+000	4.491529e+000	2.924119e+000	1.008745e+000
5.186249992220837e-006	9.581970e+000	4.781736e+000	2.931956e+000	1.600626e+000
7.139374992220837e-006	1.013760e+001	5.058199e+000	2.938397e+000	2.168433e+000
8.115937492220837e-006	1.040243e+001	5.189972e+000	2.941188e+000	2.440622e+000
9.092499992220837e-006	1.065728e+001	5.316774e+000	2.943729e+000	2.703624e+000
1.006906249222084e-005	1.090118e+001	5.438129e+000	2.946041e+000	2.956451e+000
1.104562499222084e-005	1.113322e+001	5.553584e+000	2.948141e+000	3.198151e+000
1.202218749222084e-005	1.135253e+001	5.662704e+000	2.950045e+000	3.427813e+000
1.299874999222084e-005	1.155829e+001	5.765079e+000	2.951765e+000	3.644574e+000
1.397531249222084e-005	1.174973e+001	5.860328e+000	2.953312e+000	3.847618e+000
1.495187499222084e-005	1.192612e+001	5.948092e+000	2.954694e+000	4.036180e+000
1.592843749222084e-005	1.208681e+001	6.028043e+000	2.955919e+000	4.209550e+000
1.690499999222084e-005	1.223119e+001	6.099882e+000	2.956994e+000	4.367077e+000
1.788156249222085e-005	1.235873e+001	6.163338e+000	2.957924e+000	4.508168e+000
1.885812499222085e-005	1.246895e+001	6.218176e+000	2.958713e+000	4.632290e+000
1.983468749222085e-005	1.256143e+001	6.264189e+000	2.959365e+000	4.738978e+000
2.081124999222085e-005	1.263583e+001	6.301207e+000	2.959883e+000	4.827829e+000
2.178781249222085e-005	1.269187e+001	6.329091e+000	2.960270e+000	4.898509e+000
2.276437499222085e-005	1.272935e+001	6.347738e+000	2.960527e+000	4.950753e+000
2.374093749222085e-005	1.274812e+001	6.357079e+000	2.960655e+000	4.984363e+000
2.471749999222085e-005	1.274812e+001	6.357080e+000	2.960655e+000	4.999212e+000
2.569406249222085e-005	1.272936e+001	6.347743e+000	2.960527e+000	4.995246e+000
2.667062499222085e-005	1.269189e+001	6.329103e+000	2.960270e+000	4.972479e+000
2.764718749222085e-005	1.263588e+001	6.301234e+000	2.959884e+000	4.930997e+000
2.862374999222086e-005	1.256153e+001	6.264240e+000	2.959366e+000	4.870955e+000
2.960031249222086e-005	1.246912e+001	6.218263e+000	2.958714e+000	4.792581e+000
3.057687499222086e-005	1.235901e+001	6.163476e+000	2.957926e+000	4.696168e+000
3.155343749222086e-005	1.223161e+001	6.100088e+000	2.956997e+000	4.582080e+000
3.252999999222086e-005	1.208740e+001	6.028338e+000	2.955924e+000	4.450746e+000
3.350656249222086e-005	1.192693e+001	5.948498e+000	2.954700e+000	4.302660e+000
3.448312499222086e-005	1.175081e+001	5.860868e+000	2.953321e+000	4.138381e+000
3.545968749222086e-005	1.155970e+001	5.765782e+000	2.951777e+000	3.958524e+000
3.643624999222086e-005	1.135433e+001	5.663597e+000	2.950060e+000	3.763770e+000
3.741281249222086e-005	1.113546e+001	5.554699e+000	2.948161e+000	3.554849e+000
3.838937499222086e-005	1.090394e+001	5.439500e+000	2.946066e+000	3.332549e+000
3.936593749222086e-005	1.066062e+001	5.318435e+000	2.943761e+000	3.097705e+000
4.034249999222087e-005	1.040643e+001	5.191959e+000	2.941229e+000	2.851203e+000
4.229562499222087e-005	9.869304e+000	4.924706e+000	2.935394e+000	2.326972e+000
4.424874999222087e-005	9.300671e+000	4.641768e+000	2.928334e+000	1.767742e+000
4.620187499222087e-005	8.709099e+000	4.347411e+000	2.919698e+000	1.181923e+000
4.717843749222087e-005	8.407489e+000	4.197331e+000	2.914621e+000	8.817840e-001
4.815499999222087e-005	8.103508e+000	4.046068e+000	2.908906e+000	5.783265e-001
5.010812499222087e-005	7.493026e+000	3.742276e+000	2.894904e+000	-3.396821e-002
5.206124999222088e-005	6.886857e+000	3.440603e+000	2.875470e+000	-6.457520e-001
5.303781249222088e-005	6.588250e+000	3.291976e+000	2.862172e+000	-9.485726e-001
5.401437499222088e-005	6.294136e+000	3.145562e+000	2.844434e+000	-1.247823e+000
5.499093749222088e-005	6.005623e+000	3.001893e+000	2.818280e+000	-1.542377e+000
5.596749999222088e-005	5.723799e+000	2.861462e+000	2.773891e+000	-1.831126e+000
5.694406249222088e-005	5.449728e+000	2.724726e+000	2.697145e+000	-2.112983e+000
5.792062499222088e-005	5.184444e+000	2.592200e+000	2.587738e+000	-2.386887e+000
5.889718749222088e-005	4.928946e+000	2.464472e+000	2.464294e+000	-2.651807e+000
5.987374999222088e-005	4.684199e+000	2.342101e+000	2.342268e+000	-2.906746e+000
6.182687499222088e-005	4.230609e+000	2.115306e+000	2.115499e+000	-3.382886e+000
6.377999999222088e-005	3.830517e+000	1.915259e+000	1.915453e+000	-3.808144e+000
6.573312499222088e-005	3.489959e+000	1.744981e+000	1.745174e+000	-4.176124e+000
6.670968749222088e-005	3.343650e+000	1.671826e+000	1.672019e+000	-4.336869e+000
6.768624999222088e-005	3.214078e+000	1.607040e+000	1.607233e+000	-4.481291e+000
6.866281249222088e-005	3.101734e+000	1.550868e+000	1.551061e+000	-4.608846e+000
6.963937499222088e-005	3.007042e+000	1.503522e+000	1.503716e+000	-4.719055e+000
7.061593749222089e-005	2.930363e+000	1.465183e+000	1.465376e+000	-4.811502e+000
7.159249999222089e-005	2.871987e+000	1.435994e+000	1.436188e+000	-4.885840e+000
7.256906249222089e-005	2.832135e+000	1.416068e+000	1.416262e+000	-4.941789e+000
7.354562499222089e-005	2.810961e+000	1.405481e+000	1.405675e+000	-4.979138e+000
7.452218749222089e-005	2.808546e+000	1.404274e+000	1.404467e+000	-4.997747e+000
7.549874999222089e-005	2.824902e+000	1.412452e+000	1.412645e+000	-4.997545e+000
7.647531249222089e-005	2.859970e+000	1.429986e+000	1.430179e+000	-4.978534e+000
7.745187499222089e-005	2.913620e+000	1.456811e+000	1.457005e+000	-4.940784e+000
7.842843749222089e-005	2.985653e+000	1.492828e+000	1.493021e+000	-4.884439e+000
7.940499999222089e-005	3.075800e+000	1.537901e+000	1.538094e+000	-4.809710e+000
8.038156249222089e-005	3.183724e+000	1.591863e+000	1.592056e+000	-4.716877e+000
8.135812499222090e-005	3.309021e+000	1.654511e+000	1.654705e+000	-4.606292e+000
8.331124999222090e-005	3.609793e+000	1.804898e+000	1.805091e+000	-4.333591e+000
8.526437499222090e-005	3.973612e+000	1.986807e+000	1.987000e+000	-3.995710e+000
8.721749999222090e-005	4.395024e+000	2.197513e+000	2.197705e+000	-3.597729e+000
8.917062499222090e-005	4.867710e+000	2.433855e+000	2.433856e+000	-3.145635e+000
9.014718749222090e-005	5.121091e+000	2.560533e+000	2.558078e+000	-2.901392e+000
9.112374999222090e-005	5.384576e+000	2.692192e+000	2.673029e+000	-2.646228e+000
9.210031249222090e-005	5.657177e+000	2.828241e+000	2.758727e+000	-2.381105e+000
9.307687499222091e-005	5.937867e+000	2.968143e+000	2.809895e+000	-2.107019e+000
9.405343749222091e-005	6.225594e+000	3.111436e+000	2.839203e+000	-1.825003e+000
9.502999999222091e-005	6.519276e+000	3.257643e+000	2.858507e+000	-1.536119e+000
9.600656249222091e-005	6.817810e+000	3.406238e+000	2.872765e+000	-1.241452e+000
9.795968749222091e-005	7.424934e+000	3.708390e+000	2.893096e+000	-6.392288e-001
9.991281249222091e-005	8.037851e+000	4.013397e+000	2.907583e+000	-2.739063e-002
1.008893749922209e-004	8.343607e+000	4.165543e+000	2.913477e+000	2.792600e-001
1.028424999922209e-004	8.947972e+000	4.466271e+000	2.923373e+000	8.882579e-001
1.047956249922209e-004	9.535266e+000	4.758498e+000	2.931373e+000	1.483895e+000
1.067487499922209e-004	1.009667e+001	5.037837e+000	2.937951e+000	2.057214e+000
1.077253124922209e-004	1.036502e+001	5.171355e+000	2.940803e+000	2.332792e+000
1.087018749922209e-004	1.062377e+001	5.300099e+000	2.943402e+000	2.599590e+000
1.096784374922209e-004	1.087195e+001	5.423585e+000	2.945769e+000	2.856604e+000
1.106549999922209e-004	1.110863e+001	5.541349e+000	2.947922e+000	3.102866e+000
1.116315624922209e-004	1.133293e+001	5.652949e+000	2.949878e+000	3.337449e+000
1.126081249922209e-004	1.154400e+001	5.757967e+000	2.951647e+000	3.559471e+000
1.135846874922209e-004	1.174104e+001	5.856009e+000	2.953242e+000	3.768097e+000
1.145612499922209e-004	1.192333e+001	5.946705e+000	2.954672e+000	3.962539e+000
1.155378124922209e-004	1.209017e+001	6.029716e+000	2.955944e+000	4.142068e+000
1.165143749922209e-004	1.224094e+001	6.104732e+000	2.957065e+000	4.306007e+000
1.174909374922209e-004	1.237507e+001	6.171470e+000	2.958041e+000	4.453739e+000
1.184674999922209e-004	1.249207e+001	6.229680e+000	2.958876e+000	4.584709e+000
1.194440624922209e-004	1.259148e+001	6.279144e+000	2.959575e+000	4.698422e+000
1.204206249922209e-004	1.267295e+001	6.319678e+000	2.960140e+000	4.794452e+000
1.213971874922209e-004	1.273617e+001	6.351130e+000	2.960573e+000	4.872436e+000
1.223737499922209e-004	1.278089e+001	6.373382e+000	2.960877e+000	4.932082e+000
1.233503124922209e-004	1.280696e+001	6.386352e+000	2.961054e+000	4.973164e+000
1.243268749922209e-004	1.281427e+001	6.389991e+000	2.961103e+000	4.995529e+000
1.253034374922209e-004	1.280281e+001	6.384287e+000	2.961026e+000	4.999091e+000
1.262799999922209e-004	1.277261e+001	6.369263e+000	2.960821e+000	4.983839e+000
1.272565624922209e-004	1.272380e+001	6.344976e+000	2.960489e+000	4.949827e+000
1.282331249922209e-004	1.265655e+001	6.311520e+000	2.960026e+000	4.897186e+000
1.292096874922209e-004	1.257113e+001	6.269019e+000	2.959433e+000	4.826113e+000
1.301862499922209e-004	1.246786e+001	6.217635e+000	2.958704e+000	4.736876e+000
1.311628124922209e-004	1.234713e+001	6.157564e+000	2.957839e+000	4.629810e+000
1.321393749922209e-004	1.220938e+001	6.089031e+000	2.956833e+000	4.505319e+000
1.331159374922209e-004	1.205516e+001	6.012296e+000	2.955680e+000	4.363871e+000
1.340924999922209e-004	1.188503e+001	5.927648e+000	2.954375e+000	4.205997e+000
1.350690624922209e-004	1.169964e+001	5.835406e+000	2.952911e+000	4.032294e+000
1.360456249922209e-004	1.149969e+001	5.735920e+000	2.951281e+000	3.843414e+000
1.370221874922209e-004	1.128593e+001	5.629564e+000	2.949474e+000	3.640068e+000
1.379987499922209e-004	1.105917e+001	5.516740e+000	2.947480e+000	3.423022e+000
1.389753124922209e-004	1.082027e+001	5.397872e+000	2.945285e+000	3.193092e+000
1.399518749922209e-004	1.057013e+001	5.273410e+000	2.942874e+000	2.951144e+000
1.409284374922209e-004	1.030968e+001	5.143823e+000	2.940228e+000	2.698089e+000
1.428815624922209e-004	9.761854e+000	4.871242e+000	2.934136e+000	2.162504e+000
1.448346874922209e-004	9.185046e+000	4.584236e+000	2.926763e+000	1.594393e+000
1.467878124922209e-004	8.587948e+000	4.287127e+000	2.917722e+000	1.002301e+000
1.477643749922209e-004	8.284593e+000	4.136178e+000	2.912390e+000	7.000349e-001
1.487409374922209e-004	7.979555e+000	3.984387e+000	2.906368e+000	3.951337e-001
1.506940624922209e-004	7.369033e+000	3.680571e+000	2.891500e+000	-2.179771e-001
1.516706249922209e-004	7.065850e+000	3.529687e+000	2.882036e+000	-5.238791e-001
1.526471874922209e-004	6.765579e+000	3.380241e+000	2.870483e+000	-8.278093e-001
1.536237499922210e-004	6.469352e+000	3.232791e+000	2.855748e+000	-1.128624e+000
1.546003124922210e-004	6.178286e+000	3.087881e+000	2.835443e+000	-1.425190e+000
1.555768749922210e-004	5.893476e+000	2.946028e+000	2.803877e+000	-1.716393e+000
1.565534374922210e-004	5.615999e+000	2.807703e+000	2.748479e+000	-2.001135e+000
1.575299999922210e-004	5.346898e+000	2.673374e+000	2.658322e+000	-2.278346e+000
1.585065624922210e-004	5.087189e+000	2.543586e+000	2.541903e+000	-2.546981e+000
1.594831249922210e-004	4.837851e+000	2.418925e+000	2.418983e+000	-2.806031e+000
1.614362499922210e-004	4.374003e+000	2.187003e+000	2.187195e+000	-3.291510e+000
1.633893749922210e-004	3.962348e+000	1.981175e+000	1.981368e+000	-3.727482e+000
1.653424999922210e-004	3.609092e+000	1.804547e+000	1.804740e+000	-4.107389e+000
1.672956249922210e-004	3.319561e+000	1.659782e+000	1.659975e+000	-4.425517e+000
1.682721874922210e-004	3.200098e+000	1.600050e+000	1.600243e+000	-4.559880e+000
1.692487499922210e-004	3.098126e+000	1.549064e+000	1.549257e+000	-4.677081e+000
1.702253124922210e-004	3.014031e+000	1.507017e+000	1.507210e+000	-4.776679e+000
1.712018749922210e-004	2.948131e+000	1.474067e+000	1.474260e+000	-4.858298e+000
1.721784374922210e-004	2.900676e+000	1.450339e+000	1.450532e+000	-4.921631e+000
1.731549999922210e-004	2.871847e+000	1.435924e+000	1.436118e+000	-4.966441e+000
1.741315624922210e-004	2.861753e+000	1.430877e+000	1.431071e+000	-4.992558e+000
1.751081249922210e-004	2.870434e+000	1.435218e+000	1.435411e+000	-4.999885e+000
1.760846874922210e-004	2.897860e+000	1.448931e+000	1.449124e+000	-4.988392e+000
1.770612499922210e-004	2.943929e+000	1.471965e+000	1.472159e+000	-4.958125e+000
1.780378124922210e-004	3.008469e+000	1.504236e+000	1.504429e+000	-4.909196e+000
1.790143749922210e-004	3.091239e+000	1.545621e+000	1.545814e+000	-4.841791e+000
1.799909374922210e-004	3.191930e+000	1.595966e+000	1.596159e+000	-4.756162e+000
1.809674999922210e-004	3.310164e+000	1.655083e+000	1.655276e+000	-4.652631e+000
1.829206249922210e-004	3.597424e+000	1.798713e+000	1.798906e+000	-4.393492e+000
1.848737499922210e-004	3.948711e+000	1.974357e+000	1.974550e+000	-4.068271e+000
1.868268749922210e-004	4.358757e+000	2.179379e+000	2.179572e+000	-3.681859e+000
1.887799999922210e-004	4.821406e+000	2.410703e+000	2.410784e+000	-3.240068e+000
1.897565624922210e-004	5.070315e+000	2.535151e+000	2.533751e+000	-3.000452e+000
1.907331249922210e-004	5.329714e+000	2.664790e+000	2.651300e+000	-2.749543e+000
1.917096874922210e-004	5.598629e+000	2.799038e+000	2.743778e+000	-2.488286e+000
1.926862499922210e-004	5.876048e+000	2.937344e+000	2.801265e+000	-2.217664e+000
1.936628124922210e-004	6.160929e+000	3.079237e+000	2.833883e+000	-1.938694e+000
1.946393749922210e-004	6.452200e+000	3.224252e+000	2.854730e+000	-1.652428e+000
1.956159374922210e-004	6.748768e+000	3.371874e+000	2.869848e+000	-1.359942e+000
1.965924999922210e-004	7.049517e+000	3.521559e+000	2.881574e+000	-1.062338e+000
1.985456249922210e-004	7.659027e+000	3.824885e+000	2.899137e+000	-4.562697e-001
1.995221874922210e-004	7.965497e+000	3.977392e+000	2.906078e+000	-1.500867e-001
2.004987499922210e-004	8.271575e+000	4.129700e+000	2.912151e+000	1.566613e-001
2.024518749922210e-004	8.877960e+000	4.431434e+000	2.922324e+000	7.672360e-001
2.044049999922210e-004	9.469074e+000	4.725562e+000	2.930534e+000	1.366271e+000
2.063581249922210e-004	1.003604e+001	5.007668e+000	2.937281e+000	1.944756e+000
2.073346874922210e-004	1.030779e+001	5.142879e+000	2.940208e+000	2.223557e+000
2.083112499922210e-004	1.057034e+001	5.273516e+000	2.942876e+000	2.493989e+000
2.092878124922210e-004	1.082271e+001	5.399086e+000	2.945308e+000	2.755035e+000
2.102643749922210e-004	1.106395e+001	5.519117e+000	2.947523e+000	3.005711e+000
2.112409374922210e-004	1.129316e+001	5.633159e+000	2.949536e+000	3.245075e+000
2.122174999922210e-004	1.150946e+001	5.740784e+000	2.951361e+000	3.472224e+000
2.131940624922210e-004	1.171206e+001	5.841586e+000	2.953010e+000	3.686306e+000
2.141706249922210e-004	1.190018e+001	5.935188e+000	2.954492e+000	3.886512e+000
2.151471874922210e-004	1.207313e+001	6.021238e+000	2.955815e+000	4.072091e+000
2.161237499922210e-004	1.223025e+001	6.099414e+000	2.956986e+000	4.242343e+000
2.171003124922210e-004	1.237095e+001	6.169420e+000	2.958011e+000	4.396628e+000
2.180768749922210e-004	1.249471e+001	6.230996e+000	2.958894e+000	4.534366e+000
2.190534374922210e-004	1.260106e+001	6.283909e+000	2.959641e+000	4.655036e+000
2.200299999922210e-004	1.268960e+001	6.327962e+000	2.960254e+000	4.758186e+000
2.210065624922210e-004	1.276000e+001	6.362990e+000	2.960735e+000	4.843428e+000
2.219831249922210e-004	1.281200e+001	6.388861e+000	2.961088e+000	4.910440e+000
2.229596874922210e-004	1.284540e+001	6.405478e+000	2.961313e+000	4.958970e+000
2.239362499922210e-004	1.286008e+001	6.412781e+000	2.961411e+000	4.988836e+000
2.249128124922210e-004	1.285598e+001	6.410742e+000	2.961384e+000	4.999925e+000
2.258893749922210e-004	1.283312e+001	6.399370e+000	2.961230e+000	4.992195e+000
2.268659374922210e-004	1.279159e+001	6.378707e+000	2.960950e+000	4.965676e+000
2.278424999922210e-004	1.273155e+001	6.348834e+000	2.960541e+000	4.920467e+000
2.288190624922210e-004	1.265322e+001	6.309862e+000	2.960003e+000	4.856739e+000
2.297956249922210e-004	1.255690e+001	6.261939e+000	2.959332e+000	4.774731e+000
2.307721874922210e-004	1.244296e+001	6.205246e+000	2.958527e+000	4.674752e+000
2.317487499922210e-004	1.231182e+001	6.139998e+000	2.957583e+000	4.557178e+000
2.327253124922210e-004	1.216398e+001	6.066441e+000	2.956496e+000	4.422452e+000
2.337018749922210e-004	1.200000e+001	5.984851e+000	2.955260e+000	4.271081e+000
2.346784374922210e-004	1.182049e+001	5.895537e+000	2.953870e+000	4.103634e+000
2.356549999922210e-004	1.162614e+001	5.798836e+000	2.952318e+000	3.920743e+000
2.366315624922210e-004	1.141767e+001	5.695112e+000	2.950595e+000	3.723094e+000
2.376081249922210e-004	1.119587e+001	5.584756e+000	2.948692e+000	3.511433e+000
2.385846874922210e-004	1.096158e+001	5.468184e+000	2.946595e+000	3.286556e+000
2.395612499922210e-004	1.071569e+001	5.345836e+000	2.944292e+000	3.049308e+000
2.405378124922210e-004	1.045911e+001	5.218172e+000	2.941764e+000	2.800584e+000
2.424909374922210e-004	9.917810e+000	4.948841e+000	2.935950e+000	2.272489e+000
2.444440624922210e-004	9.345843e+000	4.664245e+000	2.928933e+000	1.710213e+000
2.463971874922210e-004	8.751820e+000	4.368669e+000	2.920375e+000	1.122215e+000
2.483503124922210e-004	8.144688e+000	4.066559e+000	2.909719e+000	5.173371e-001
2.503034374922210e-004	7.533587e+000	3.762461e+000	2.895968e+000	-9.532192e-002
2.522565624922210e-004	6.927721e+000	3.460941e+000	2.877049e+000	-7.065472e-001
2.532331249922210e-004	6.629609e+000	3.312563e+000	2.864241e+000	-1.008745e+000
2.542096874922210e-004	6.336213e+000	3.166511e+000	2.847382e+000	-1.307145e+000
2.551862499922210e-004	6.048639e+000	3.023319e+000	2.823077e+000	-1.600626e+000
2.561628124922210e-004	5.767971e+000	2.883483e+000	2.782935e+000	-1.888083e+000
2.571393749922210e-004	5.495265e+000	2.747460e+000	2.712879e+000	-2.168433e+000
2.581159374922210e-004	5.231550e+000	2.615742e+000	2.609232e+000	-2.440622e+000
2.590924999922210e-004	4.977818e+000	2.488907e+000	2.488497e+000	-2.703624e+000
2.600690624922210e-004	4.735027e+000	2.367514e+000	2.367664e+000	-2.956451e+000
2.620221874922210e-004	4.285880e+000	2.142941e+000	2.143134e+000	-3.427813e+000
2.639753124922210e-004	3.890876e+000	1.945439e+000	1.945632e+000	-3.847618e+000
2.659284374922210e-004	3.555965e+000	1.777984e+000	1.778177e+000	-4.209550e+000
2.678815624922210e-004	3.286198e+000	1.643100e+000	1.643293e+000	-4.508168e+000
2.688581249922210e-004	3.177053e+000	1.588528e+000	1.588721e+000	-4.632290e+000
2.698346874922210e-004	3.085640e+000	1.542821e+000	1.543014e+000	-4.738978e+000
2.708112499922210e-004	3.012304e+000	1.506153e+000	1.506346e+000	-4.827829e+000
2.717878124922210e-004	2.957321e+000	1.478661e+000	1.478855e+000	-4.898509e+000
2.727643749922210e-004	2.920900e+000	1.460451e+000	1.460644e+000	-4.950753e+000
2.737409374922210e-004	2.903179e+000	1.451590e+000	1.451784e+000	-4.984363e+000
2.747174999922210e-004	2.904227e+000	1.452114e+000	1.452307e+000	-4.999212e+000
2.756940624922210e-004	2.924040e+000	1.462021e+000	1.462214e+000	-4.995246e+000
2.766706249922210e-004	2.962546e+000	1.481274e+000	1.481467e+000	-4.972479e+000
2.776471874922210e-004	3.019600e+000	1.509801e+000	1.509994e+000	-4.930997e+000
2.786237499922210e-004	3.094990e+000	1.547496e+000	1.547689e+000	-4.870955e+000
2.796003124922210e-004	3.188433e+000	1.594217e+000	1.594411e+000	-4.792581e+000
2.805768749922210e-004	3.299578e+000	1.649790e+000	1.649983e+000	-4.696168e+000
2.825299999922210e-004	3.573242e+000	1.786622e+000	1.786815e+000	-4.450746e+000
2.844831249922210e-004	3.911876e+000	1.955939e+000	1.956132e+000	-4.138381e+000
2.864362499922210e-004	4.310397e+000	2.155200e+000	2.155392e+000	-3.763770e+000
2.883893749922210e-004	4.762821e+000	2.381411e+000	2.381546e+000	-3.332549e+000
2.893659374922210e-004	5.007152e+000	2.503573e+000	2.502943e+000	-3.097705e+000
2.903424999922210e-004	5.262353e+000	2.631135e+000	2.622829e+000	-2.851203e+000
2.913190624922210e-004	5.527463e+000	2.763530e+000	2.723146e+000	-2.593969e+000
2.922956249922210e-004	5.801487e+000	2.900188e+000	2.789096e+000	-2.326972e+000
2.932721874922210e-004	6.083394e+000	3.040627e+000	2.826607e+000	-2.051217e+000
2.942487499922210e-004	6.372123e+000	3.184389e+000	2.849774e+000	-1.767742e+000
2.952253124922210e-004	6.666590e+000	3.330971e+000	2.866164e+000	-1.477613e+000
2.962018749922210e-004	6.965686e+000	3.479837e+000	2.878617e+000	-1.181923e+000
2.981549999922211e-004	7.573256e+000	3.782202e+000	2.897005e+000	-5.783265e-001
3.001081249922211e-004	8.185704e+000	4.086970e+000	2.910522e+000	3.396821e-002
3.020612499922211e-004	8.793829e+000	4.389572e+000	2.921034e+000	6.457520e-001
3.040143749922211e-004	9.388491e+000	4.685466e+000	2.929494e+000	1.247823e+000
3.059674999922211e-004	9.960756e+000	4.970209e+000	2.936438e+000	1.831126e+000
3.079206249922211e-004	1.050203e+001	5.239527e+000	2.942196e+000	2.386887e+000
3.088971874922211e-004	1.075848e+001	5.367126e+000	2.944700e+000	2.651807e+000
3.098737499922211e-004	1.100417e+001	5.489372e+000	2.946983e+000	2.906746e+000
3.108503124922211e-004	1.123818e+001	5.605808e+000	2.949060e+000	3.150746e+000
3.118268749922211e-004	1.145964e+001	5.715995e+000	2.950947e+000	3.382886e+000
3.128034374922211e-004	1.166771e+001	5.819519e+000	2.952654e+000	3.602294e+000
3.137799999922211e-004	1.186160e+001	5.915990e+000	2.954192e+000	3.808144e+000
3.147565624922211e-004	1.204059e+001	6.005047e+000	2.955569e+000	3.999661e+000
3.157331249922211e-004	1.220401e+001	6.086355e+000	2.956792e+000	4.176124e+000
3.167096874922211e-004	1.235124e+001	6.159609e+000	2.957868e+000	4.336869e+000
3.176862499922211e-004	1.248172e+001	6.224533e+000	2.958802e+000	4.481291e+000
3.186628124922211e-004	1.259498e+001	6.280883e+000	2.959598e+000	4.608846e+000
3.196393749922211e-004	1.269058e+001	6.328449e+000	2.960260e+000	4.719055e+000
3.206159374922211e-004	1.276817e+001	6.367051e+000	2.960790e+000	4.811502e+000
3.215924999922211e-004	1.282744e+001	6.396545e+000	2.961192e+000	4.885840e+000
3.225690624922211e-004	1.286820e+001	6.416821e+000	2.961466e+000	4.941789e+000
3.235456249922211e-004	1.289027e+001	6.427802e+000	2.961613e+000	4.979138e+000
3.245221874922211e-004	1.289357e+001	6.429448e+000	2.961636e+000	4.997747e+000
3.254987499922211e-004	1.287811e+001	6.421754e+000	2.961532e+000	4.997545e+000
3.264753124922211e-004	1.284393e+001	6.404748e+000	2.961303e+000	4.978534e+000
3.274518749922211e-004	1.279117e+001	6.378495e+000	2.960947e+000	4.940784e+000
3.284284374922211e-004	1.272002e+001	6.343095e+000	2.960462e+000	4.884439e+000
3.294049999922211e-004	1.263075e+001	6.298681e+000	2.959847e+000	4.809710e+000
3.303815624922211e-004	1.252371e+001	6.245421e+000	2.959099e+000	4.716877e+000
3.313581249922211e-004	1.239929e+001	6.183517e+000	2.958214e+000	4.606292e+000
3.323346874922211e-004	1.225796e+001	6.113200e+000	2.957189e+000	4.478370e+000
3.333112499922211e-004	1.210026e+001	6.034737e+000	2.956019e+000	4.333591e+000
3.342878124922211e-004	1.192678e+001	5.948423e+000	2.954698e+000	4.172503e+000
3.352643749922211e-004	1.173818e+001	5.854584e+000	2.953218e+000	3.995710e+000
3.362409374922211e-004	1.153517e+001	5.753572e+000	2.951573e+000	3.803878e+000
3.372174999922211e-004	1.131850e+001	5.645771e+000	2.949753e+000	3.597729e+000
3.381940624922211e-004	1.108901e+001	5.531584e+000	2.947746e+000	3.378040e+000
3.391706249922211e-004	1.084754e+001	5.411442e+000	2.945540e+000	3.145635e+000
3.401471874922211e-004	1.059502e+001	5.285798e+000	2.943119e+000	2.901392e+000
3.411237499922211e-004	1.033240e+001	5.155125e+000	2.940464e+000	2.646228e+000
3.430768749922211e-004	9.780820e+000	4.880679e+000	2.934360e+000	2.107019e+000
3.450299999922211e-004	9.201117e+000	4.592232e+000	2.926983e+000	1.536119e+000
3.469831249922211e-004	8.602013e+000	4.294126e+000	2.917954e+000	9.421136e-001
3.489362499922211e-004	7.992529e+000	3.990843e+000	2.906639e+000	3.339382e-001
3.508893749922211e-004	7.381839e+000	3.686944e+000	2.891863e+000	-2.792600e-001
3.518659374922211e-004	7.078918e+000	3.536191e+000	2.882484e+000	-5.848595e-001
3.528424999922211e-004	6.779138e+000	3.386989e+000	2.871069e+000	-8.882579e-001
3.538190624922211e-004	6.483625e+000	3.239896e+000	2.856571e+000	-1.188313e+000
3.547956249922211e-004	6.193496e+000	3.095454e+000	2.836736e+000	-1.483895e+000
3.557721874922211e-004	5.909842e+000	2.954181e+000	2.806268e+000	-1.773893e+000
3.567487499922211e-004	5.633731e+000	2.816549e+000	2.753224e+000	-2.057214e+000
3.577253124922211e-004	5.366203e+000	2.683017e+000	2.666171e+000	-2.332792e+000
3.587018749922211e-004	5.108267e+000	2.554123e+000	2.552063e+000	-2.599590e+000
3.596784374922211e-004	4.860893e+000	2.430447e+000	2.430471e+000	-2.856604e+000
3.616315624922211e-004	4.401518e+000	2.200760e+000	2.200952e+000	-3.337449e+000
3.635846874922211e-004	3.994996e+000	1.997499e+000	1.997692e+000	-3.768097e+000
3.655378124922211e-004	3.647448e+000	1.823725e+000	1.823918e+000	-4.142068e+000
3.674909374922211e-004	3.364110e+000	1.682056e+000	1.682249e+000	-4.453739e+000
3.684674999922211e-004	3.247894e+000	1.623948e+000	1.624141e+000	-4.584709e+000
3.694440624922211e-004	3.149252e+000	1.574627e+000	1.574820e+000	-4.698422e+000
3.704206249922211e-004	3.068557e+000	1.534279e+000	1.534473e+000	-4.794452e+000
3.713971874922211e-004	3.006113e+000	1.503057e+000	1.503251e+000	-4.872436e+000
3.723737499922211e-004	2.962156e+000	1.481079e+000	1.481272e+000	-4.932082e+000
3.733503124922211e-004	2.936853e+000	1.468428e+000	1.468621e+000	-4.973164e+000
3.743268749922211e-004	2.930300e+000	1.465151e+000	1.465344e+000	-4.995529e+000
3.753034374922211e-004	2.942523e+000	1.471262e+000	1.471456e+000	-4.999091e+000
3.762799999922211e-004	2.973476e+000	1.486739e+000	1.486932e+000	-4.983839e+000
3.772565624922211e-004	3.023044e+000	1.511523e+000	1.511716e+000	-4.949827e+000
3.782331249922211e-004	3.091041e+000	1.545521e+000	1.545714e+000	-4.897186e+000
3.792096874922211e-004	3.177212e+000	1.588607e+000	1.588800e+000	-4.826113e+000
3.801862499922211e-004	3.281235e+000	1.640618e+000	1.640811e+000	-4.736876e+000
3.821393749922211e-004	3.541204e+000	1.770603e+000	1.770796e+000	-4.505319e+000
3.840924999922211e-004	3.867046e+000	1.933524e+000	1.933717e+000	-4.205997e+000
3.860456249922211e-004	4.253868e+000	2.126935e+000	2.127128e+000	-3.843414e+000
3.879987499922211e-004	4.695858e+000	2.347930e+000	2.348096e+000	-3.423022e+000
3.889753124922211e-004	4.935496e+000	2.467747e+000	2.467560e+000	-3.193092e+000
3.899518749922211e-004	5.186377e+000	2.593166e+000	2.588763e+000	-2.951144e+000
3.909284374922211e-004	5.447556e+000	2.723643e+000	2.696652e+000	-2.698089e+000
3.919049999922211e-004	5.718051e+000	2.858597e+000	2.772882e+000	-2.434879e+000
3.928815624922211e-004	5.996846e+000	2.997522e+000	2.817311e+000	-2.162504e+000
3.938581249922211e-004	6.282891e+000	3.139963e+000	2.843575e+000	-1.881990e+000
3.948346874922211e-004	6.575109e+000	3.285435e+000	2.861479e+000	-1.594393e+000
3.958112499922211e-004	6.872404e+000	3.433410e+000	2.874965e+000	-1.300795e+000
3.977643749922211e-004	7.477731e+000	3.734665e+000	2.894525e+000	-7.000349e-001
3.997174999922211e-004	8.089774e+000	4.039234e+000	2.908635e+000	-8.874533e-002
4.016706249922211e-004	8.699333e+000	4.342551e+000	2.919542e+000	5.238791e-001
4.036237499922211e-004	9.297247e+000	4.640065e+000	2.928288e+000	1.128624e+000
4.055768749922211e-004	9.874530e+000	4.927306e+000	2.935453e+000	1.716393e+000
4.075299999922211e-004	1.042250e+001	5.199959e+000	2.941391e+000	2.278346e+000
4.085065624922211e-004	1.068291e+001	5.329525e+000	2.943975e+000	2.546981e+000
4.094831249922212e-004	1.093294e+001	5.453930e+000	2.946332e+000	2.806031e+000
4.104596874922212e-004	1.117165e+001	5.572704e+000	2.948479e+000	3.054518e+000
4.114362499922212e-004	1.139815e+001	5.685401e+000	2.950430e+000	3.291510e+000
4.124128124922212e-004	1.161159e+001	5.791598e+000	2.952199e+000	3.516113e+000
4.133893749922212e-004	1.181116e+001	5.890897e+000	2.953796e+000	3.727482e+000
4.143659374922212e-004	1.199612e+001	5.982922e+000	2.955230e+000	3.924821e+000
4.153424999922212e-004	1.216577e+001	6.067328e+000	2.956509e+000	4.107389e+000
4.163190624922212e-004	1.231946e+001	6.143800e+000	2.957638e+000	4.274497e+000
4.172956249922212e-004	1.245663e+001	6.212048e+000	2.958624e+000	4.425517e+000
4.182721874922212e-004	1.257675e+001	6.271815e+000	2.959471e+000	4.559880e+000
4.192487499922212e-004	1.267939e+001	6.322880e+000	2.960183e+000	4.677081e+000
4.202253124922212e-004	1.276414e+001	6.365048e+000	2.960763e+000	4.776679e+000
4.212018749922212e-004	1.283069e+001	6.398162e+000	2.961213e+000	4.858298e+000
4.221784374922212e-004	1.287880e+001	6.422098e+000	2.961536e+000	4.921631e+000
4.231549999922212e-004	1.290828e+001	6.436766e+000	2.961733e+000	4.966441e+000
4.241315624922212e-004	1.291902e+001	6.442110e+000	2.961805e+000	4.992558e+000
4.251081249922212e-004	1.291099e+001	6.438112e+000	2.961751e+000	4.999885e+000
4.260846874922212e-004	1.288421e+001	6.424787e+000	2.961573e+000	4.988392e+000
4.270612499922212e-004	1.283878e+001	6.402185e+000	2.961268e+000	4.958125e+000
4.280378124922212e-004	1.277488e+001	6.370392e+000	2.960836e+000	4.909196e+000
4.290143749922212e-004	1.269275e+001	6.329528e+000	2.960275e+000	4.841791e+000
4.299909374922212e-004	1.259270e+001	6.279747e+000	2.959582e+000	4.756162e+000
4.309674999922212e-004	1.247510e+001	6.221237e+000	2.958755e+000	4.652631e+000
4.319440624922212e-004	1.234040e+001	6.154217e+000	2.957790e+000	4.531590e+000
4.329206249922212e-004	1.218911e+001	6.078942e+000	2.956682e+000	4.393492e+000
4.338971874922212e-004	1.202179e+001	5.995694e+000	2.955426e+000	4.238858e+000
4.348737499922212e-004	1.183908e+001	5.904787e+000	2.954015e+000	4.068271e+000
4.358503124922212e-004	1.164167e+001	5.806564e+000	2.952443e+000	3.882371e+000
4.368268749922212e-004	1.143030e+001	5.701395e+000	2.950701e+000	3.681859e+000
4.378034374922212e-004	1.120576e+001	5.589675e+000	2.948777e+000	3.467489e+000
4.387799999922212e-004	1.096890e+001	5.471826e+000	2.946661e+000	3.240068e+000
4.397565624922212e-004	1.072062e+001	5.348290e+000	2.944338e+000	3.000452e+000
4.407331249922212e-004	1.046185e+001	5.219535e+000	2.941791e+000	2.749543e+000
4.426862499922212e-004	9.916764e+000	4.948320e+000	2.935937e+000	2.217664e+000
4.446393749922212e-004	9.341855e+000	4.662261e+000	2.928880e+000	1.652428e+000
4.465924999922212e-004	8.745774e+000	4.365661e+000	2.920279e+000	1.062338e+000
4.485456249922212e-004	8.137493e+000	4.062980e+000	2.909578e+000	4.562697e-001
4.504987499922212e-004	7.526167e+000	3.758769e+000	2.895776e+000	-1.566613e-001
4.524518749922212e-004	6.920996e+000	3.457594e+000	2.876795e+000	-7.672360e-001
4.534284374922212e-004	6.623572e+000	3.309558e+000	2.863949e+000	-1.068765e+000
4.544049999922212e-004	6.331088e+000	3.163959e+000	2.847044e+000	-1.366271e+000
4.553815624922212e-004	6.044644e+000	3.021329e+000	2.822684e+000	-1.658635e+000
4.563581249922212e-004	5.765320e+000	2.882162e+000	2.782511e+000	-1.944756e+000
4.573346874922212e-004	5.494168e+000	2.746912e+000	2.712643e+000	-2.223557e+000
4.583112499922212e-004	5.232208e+000	2.616071e+000	2.609599e+000	-2.493989e+000
4.592878124922212e-004	4.980427e+000	2.490211e+000	2.489796e+000	-2.755035e+000
4.602643749922212e-004	4.739772e+000	2.369887e+000	2.370036e+000	-3.005711e+000
4.622174999922212e-004	4.295425e+000	2.147714e+000	2.147906e+000	-3.472224e+000
4.641706249922212e-004	3.905856e+000	1.952929e+000	1.953122e+000	-3.886512e+000
4.661237499922212e-004	3.576930e+000	1.788466e+000	1.788659e+000	-4.242343e+000
4.680768749922212e-004	3.313600e+000	1.656801e+000	1.656994e+000	-4.534366e+000
4.690534374922212e-004	3.207814e+000	1.603908e+000	1.604101e+000	-4.655036e+000
4.700299999922212e-004	3.119834e+000	1.559918e+000	1.560111e+000	-4.758186e+000
4.710065624922212e-004	3.049991e+000	1.524997e+000	1.525190e+000	-4.843428e+000
4.719831249922212e-004	2.998550e+000	1.499276e+000	1.499469e+000	-4.910440e+000
4.729596874922212e-004	2.965705e+000	1.482853e+000	1.483047e+000	-4.958970e+000
4.739362499922212e-004	2.951579e+000	1.475791e+000	1.475984e+000	-4.988836e+000
4.749128124922212e-004	2.956228e+000	1.478115e+000	1.478308e+000	-4.999925e+000
4.758893749922212e-004	2.979634e+000	1.489818e+000	1.490011e+000	-4.992195e+000
4.768659374922212e-004	3.021709e+000	1.510856e+000	1.511049e+000	-4.965676e+000
4.778424999922212e-004	3.082297e+000	1.541149e+000	1.541343e+000	-4.920467e+000
4.788190624922212e-004	3.161169e+000	1.580586e+000	1.580779e+000	-4.856739e+000
4.797956249922212e-004	3.258030e+000	1.629016e+000	1.629209e+000	-4.774731e+000
4.807721874922212e-004	3.372516e+000	1.686259e+000	1.686452e+000	-4.674752e+000
4.827253124922212e-004	3.652577e+000	1.826289e+000	1.826483e+000	-4.422452e+000
4.846784374922212e-004	3.997144e+000	1.998573e+000	1.998766e+000	-4.103634e+000
4.866315624922212e-004	4.401040e+000	2.200521e+000	2.200713e+000	-3.723094e+000
4.885846874922212e-004	4.858197e+000	2.429098e+000	2.429128e+000	-3.286556e+000
4.895612499922212e-004	5.104629e+000	2.552305e+000	2.550335e+000	-3.049308e+000
4.905378124922212e-004	5.361742e+000	2.680789e+000	2.664436e+000	-2.800584e+000
4.915143749922212e-004	5.628570e+000	2.813975e+000	2.751930e+000	-2.541319e+000
4.924909374922212e-004	5.904107e+000	2.951324e+000	2.805448e+000	-2.272489e+000
4.934674999922212e-004	6.187318e+000	3.092378e+000	2.836154e+000	-1.995106e+000
4.944440624922212e-004	6.477137e+000	3.236666e+000	2.856178e+000	-1.710213e+000
4.954206249922212e-004	6.772473e+000	3.383673e+000	2.870872e+000	-1.418884e+000
4.963971874922212e-004	7.072217e+000	3.532856e+000	2.882349e+000	-1.122215e+000
4.983503124922212e-004	7.680400e+000	3.835521e+000	2.899654e+000	-5.173371e-001
4.993268749922212e-004	7.986552e+000	3.987869e+000	2.906521e+000	-2.114054e-001
5.012799999922212e-004	8.597224e+000	4.291743e+000	2.917877e+000	4.016905e-001
5.032331249922212e-004	9.198074e+000	4.590718e+000	2.926942e+000	1.008745e+000
5.051862499922212e-004	9.780071e+000	4.880306e+000	2.934351e+000	1.600626e+000
5.071393749922212e-004	1.033446e+001	5.156154e+000	2.940485e+000	2.168433e+000
5.081159374922212e-004	1.059869e+001	5.287620e+000	2.943155e+000	2.440622e+000
5.090924999922212e-004	1.085292e+001	5.414117e+000	2.945590e+000	2.703624e+000
5.100690624922212e-004	1.109621e+001	5.535169e+000	2.947810e+000	2.956451e+000
5.110456249922212e-004	1.132765e+001	5.650321e+000	2.949831e+000	3.198151e+000
5.120221874922212e-004	1.154635e+001	5.759139e+000	2.951665e+000	3.427813e+000
5.129987499922212e-004	1.175151e+001	5.861214e+000	2.953324e+000	3.644574e+000
5.139753124922212e-004	1.194234e+001	5.956162e+000	2.954818e+000	3.847618e+000
5.149518749922212e-004	1.211813e+001	6.043628e+000	2.956153e+000	4.036180e+000
5.159284374922212e-004	1.227822e+001	6.123281e+000	2.957337e+000	4.209550e+000
5.169049999922212e-004	1.242201e+001	6.194822e+000	2.958377e+000	4.367077e+000
5.178815624922212e-004	1.254895e+001	6.257982e+000	2.959276e+000	4.508168e+000
5.188581249922212e-004	1.265858e+001	6.312525e+000	2.960039e+000	4.632290e+000
5.198346874922212e-004	1.275046e+001	6.358244e+000	2.960670e+000	4.738978e+000
5.208112499922212e-004	1.282428e+001	6.394969e+000	2.961170e+000	4.827829e+000
5.217878124922212e-004	1.287973e+001	6.422561e+000	2.961543e+000	4.898509e+000
5.227643749922212e-004	1.291662e+001	6.440916e+000	2.961789e+000	4.950753e+000
5.237409374922212e-004	1.293481e+001	6.449966e+000	2.961910e+000	4.984363e+000
5.247174999922212e-004	1.293423e+001	6.449678e+000	2.961906e+000	4.999212e+000
5.256940624922212e-004	1.291489e+001	6.440052e+000	2.961777e+000	4.995246e+000
5.266706249922212e-004	1.287685e+001	6.421125e+000	2.961523e+000	4.972479e+000
5.276471874922212e-004	1.282026e+001	6.392969e+000	2.961143e+000	4.930997e+000
5.286237499922212e-004	1.274533e+001	6.355690e+000	2.960635e+000	4.870955e+000
5.296003124922212e-004	1.265235e+001	6.309427e+000	2.959996e+000	4.792581e+000
5.305768749922212e-004	1.254166e+001	6.254356e+000	2.959225e+000	4.696168e+000
5.315534374922212e-004	1.241369e+001	6.190685e+000	2.958317e+000	4.582080e+000
5.325299999922212e-004	1.226892e+001	6.118653e+000	2.957269e+000	4.450746e+000
5.335065624922212e-004	1.210789e+001	6.038531e+000	2.956076e+000	4.302660e+000
5.344831249922212e-004	1.193120e+001	5.950622e+000	2.954731e+000	4.138381e+000
5.354596874922212e-004	1.173953e+001	5.855256e+000	2.953229e+000	3.958524e+000
5.364362499922212e-004	1.153360e+001	5.752792e+000	2.951560e+000	3.763770e+000
5.374128124922212e-004	1.131417e+001	5.643617e+000	2.949716e+000	3.554849e+000
5.383893749922212e-004	1.108209e+001	5.528141e+000	2.947684e+000	3.332549e+000
5.393659374922212e-004	1.083821e+001	5.406799e+000	2.945452e+000	3.097705e+000
5.403424999922212e-004	1.058347e+001	5.280049e+000	2.943005e+000	2.851203e+000
5.413190624922212e-004	1.031881e+001	5.148366e+000	2.940322e+000	2.593969e+000
5.432721874922212e-004	9.763792e+000	4.872206e+000	2.934158e+000	2.051217e+000
5.452253124922212e-004	9.181501e+000	4.582472e+000	2.926712e+000	1.477613e+000
5.471784374922212e-004	8.580704e+000	4.283523e+000	2.917599e+000	8.817840e-001
5.491315624922212e-004	7.970441e+000	3.979852e+000	2.906175e+000	2.726923e-001
5.510846874922212e-004	7.359894e+000	3.676023e+000	2.891240e+000	-3.405009e-001
5.520612499922212e-004	7.057389e+000	3.525476e+000	2.881747e+000	-6.457520e-001
5.530378124922212e-004	6.758252e+000	3.376594e+000	2.870171e+000	-9.485726e-001
5.540143749922212e-004	6.463608e+000	3.229931e+000	2.855429e+000	-1.247823e+000
5.549909374922212e-004	6.174566e+000	3.086029e+000	2.835164e+000	-1.542377e+000
5.559674999922212e-004	5.892217e+000	2.945400e+000	2.803807e+000	-1.831126e+000
5.569440624922212e-004	5.617621e+000	2.808514e+000	2.749149e+000	-2.112983e+000
5.579206249922212e-004	5.351814e+000	2.675830e+000	2.660522e+000	-2.386887e+000
5.588971874922212e-004	5.095796e+000	2.547889e+000	2.546108e+000	-2.651807e+000
5.598737499922212e-004	4.850530e+000	2.425265e+000	2.425309e+000	-2.906746e+000
5.618268749922212e-004	4.395906e+000	2.197954e+000	2.198146e+000	-3.382886e+000
5.637799999922212e-004	3.994786e+000	1.997394e+000	1.997587e+000	-3.808144e+000
5.657331249922212e-004	3.653208e+000	1.826605e+000	1.826798e+000	-4.176124e+000
5.676862499922212e-004	3.376312e+000	1.688157e+000	1.688350e+000	-4.481291e+000
5.686628124922212e-004	3.263463e+000	1.631732e+000	1.631926e+000	-4.608846e+000
5.696393749922212e-004	3.168268e+000	1.584135e+000	1.584328e+000	-4.719055e+000
5.706159374922212e-004	3.091087e+000	1.545545e+000	1.545738e+000	-4.811502e+000
5.715924999922212e-004	3.032211e+000	1.516106e+000	1.516299e+000	-4.885840e+000
5.725690624922212e-004	2.991860e+000	1.495931e+000	1.496125e+000	-4.941789e+000
5.735456249922212e-004	2.970189e+000	1.485096e+000	1.485289e+000	-4.979138e+000
5.745221874922212e-004	2.967279e+000	1.483640e+000	1.483834e+000	-4.997747e+000
5.754987499922212e-004	2.983141e+000	1.491572e+000	1.491765e+000	-4.997545e+000
5.764753124922212e-004	3.017717e+000	1.508859e+000	1.509053e+000	-4.978534e+000
5.774518749922212e-004	3.070876e+000	1.535439e+000	1.535632e+000	-4.940784e+000
5.784284374922212e-004	3.142420e+000	1.571211e+000	1.571404e+000	-4.884439e+000
5.794049999922212e-004	3.232079e+000	1.616040e+000	1.616234e+000	-4.809710e+000
5.803815624922212e-004	3.339516e+000	1.669759e+000	1.669952e+000	-4.716877e+000
5.823346874922212e-004	3.606046e+000	1.803024e+000	1.803217e+000	-4.478370e+000
5.842878124922213e-004	3.938004e+000	1.969003e+000	1.969196e+000	-4.172503e+000
5.862409374922213e-004	4.330401e+000	2.165201e+000	2.165394e+000	-3.803878e+000
5.881940624922213e-004	4.777340e+000	2.388671e+000	2.388797e+000	-3.378040e+000
5.891706249922213e-004	5.019193e+000	2.509593e+000	2.508875e+000	-3.145635e+000
5.901471874922213e-004	5.272102e+000	2.636007e+000	2.627190e+000	-2.901392e+000
5.911237499922213e-004	5.535118e+000	2.767351e+000	2.725686e+000	-2.646228e+000
5.921003124922213e-004	5.807249e+000	2.903060e+000	2.790219e+000	-2.381105e+000
5.930768749922213e-004	6.087472e+000	3.042658e+000	2.827049e+000	-2.107019e+000
5.940534374922213e-004	6.374733e+000	3.185688e+000	2.849955e+000	-1.825003e+000
5.950299999922213e-004	6.667951e+000	3.331648e+000	2.866228e+000	-1.536119e+000
5.960065624922213e-004	6.966021e+000	3.480004e+000	2.878627e+000	-1.241452e+000
5.979596874922213e-004	7.572223e+000	3.781688e+000	2.896980e+000	-6.392288e-001
5.999128124922213e-004	8.184223e+000	4.086233e+000	2.910493e+000	-2.739063e-002
6.018659374922213e-004	8.792822e+000	4.389071e+000	2.921018e+000	5.848595e-001
6.038190624922213e-004	9.388867e+000	4.685653e+000	2.929498e+000	1.188313e+000
6.057721874922213e-004	9.963399e+000	4.971524e+000	2.936467e+000	1.773893e+000
6.077253124922213e-004	1.050778e+001	5.242389e+000	2.942253e+000	2.332792e+000
6.087018749922213e-004	1.076608e+001	5.370910e+000	2.944772e+000	2.599590e+000
6.096784374922213e-004	1.101382e+001	5.494175e+000	2.947070e+000	2.856604e+000
6.106549999922213e-004	1.125006e+001	5.611719e+000	2.949163e+000	3.102866e+000
6.116315624922213e-004	1.147392e+001	5.723100e+000	2.951066e+000	3.337449e+000
6.126081249922213e-004	1.168455e+001	5.827899e+000	2.952789e+000	3.559471e+000
6.135846874922213e-004	1.188116e+001	5.925721e+000	2.954344e+000	3.768097e+000
6.145612499922213e-004	1.206301e+001	6.016200e+000	2.955738e+000	3.962539e+000
6.155378124922213e-004	1.222941e+001	6.098995e+000	2.956979e+000	4.142068e+000
6.165143749922213e-004	1.237975e+001	6.173795e+000	2.958074e+000	4.306007e+000
6.174909374922213e-004	1.251345e+001	6.240317e+000	2.959026e+000	4.453739e+000
6.184674999922213e-004	1.263001e+001	6.298313e+000	2.959841e+000	4.584709e+000
6.194440624922213e-004	1.272900e+001	6.347563e+000	2.960523e+000	4.698422e+000
6.204206249922213e-004	1.281004e+001	6.387884e+000	2.961074e+000	4.794452e+000
6.213971874922213e-004	1.287282e+001	6.419123e+000	2.961496e+000	4.872436e+000
6.223737499922213e-004	1.291712e+001	6.441163e+000	2.961792e+000	4.932082e+000
6.233503124922213e-004	1.294276e+001	6.453921e+000	2.961962e+000	4.973164e+000
6.243268749922213e-004	1.294965e+001	6.457350e+000	2.962008e+000	4.995529e+000
6.253034374922213e-004	1.293777e+001	6.451436e+000	2.961929e+000	4.999091e+000
6.262799999922213e-004	1.290715e+001	6.436203e+000	2.961725e+000	4.983839e+000
6.272565624922213e-004	1.285792e+001	6.411708e+000	2.961396e+000	4.949827e+000
6.282331249922213e-004	1.279026e+001	6.378043e+000	2.960940e+000	4.897186e+000
6.292096874922213e-004	1.270442e+001	6.335335e+000	2.960355e+000	4.826113e+000
6.301862499922213e-004	1.260073e+001	6.283745e+000	2.959638e+000	4.736876e+000
6.311628124922213e-004	1.247958e+001	6.223467e+000	2.958786e+000	4.629810e+000
6.321393749922213e-004	1.234143e+001	6.154729e+000	2.957797e+000	4.505319e+000
6.331159374922213e-004	1.218679e+001	6.077789e+000	2.956664e+000	4.363871e+000
6.340924999922213e-004	1.201625e+001	5.992937e+000	2.955383e+000	4.205997e+000
6.350690624922213e-004	1.183045e+001	5.900493e+000	2.953948e+000	4.032294e+000
6.360456249922213e-004	1.163009e+001	5.800804e+000	2.952349e+000	3.843414e+000
6.370221874922213e-004	1.141593e+001	5.694246e+000	2.950580e+000	3.640068e+000
6.379987499922213e-004	1.118877e+001	5.581220e+000	2.948628e+000	3.423022e+000
6.389753124922213e-004	1.094946e+001	5.462152e+000	2.946483e+000	3.193092e+000
6.399518749922213e-004	1.069891e+001	5.337489e+000	2.944129e+000	2.951144e+000
6.409284374922213e-004	1.043807e+001	5.207702e+000	2.941549e+000	2.698089e+000
6.428815624922213e-004	9.889441e+000	4.934725e+000	2.935624e+000	2.162504e+000
6.448346874922213e-004	9.311838e+000	4.647325e+000	2.928481e+000	1.594393e+000
6.467878124922213e-004	8.713951e+000	4.349825e+000	2.919774e+000	1.002301e+000
6.487409374922213e-004	8.104774e+000	4.046698e+000	2.908929e+000	3.951337e-001
6.506940624922213e-004	7.493472e+000	3.742498e+000	2.894916e+000	-2.179771e-001
6.526471874922213e-004	6.889244e+000	3.441791e+000	2.875570e+000	-8.278093e-001
6.536237499922213e-004	6.592632e+000	3.294157e+000	2.862409e+000	-1.128624e+000
6.546003124922213e-004	6.301181e+000	3.149070e+000	2.844974e+000	-1.425190e+000
6.555768749922213e-004	6.015989e+000	3.007057e+000	2.819571e+000	-1.716393e+000
6.565534374922213e-004	5.738130e+000	2.868608e+000	2.777178e+000	-2.001135e+000
6.575299999922213e-004	5.468648e+000	2.734174e+000	2.704139e+000	-2.278346e+000
6.585065624922213e-004	5.208560e+000	2.604254e+000	2.598977e+000	-2.546981e+000
6.594831249922213e-004	4.958844e+000	2.479421e+000	2.479135e+000	-2.806031e+000
6.604596874922213e-004	4.720440e+000	2.360221e+000	2.360379e+000	-3.054518e+000
6.624128124922213e-004	4.281112e+000	2.140557e+000	2.140750e+000	-3.516113e+000
6.643659374922213e-004	3.897189e+000	1.948595e+000	1.948789e+000	-3.924821e+000
6.663190624922213e-004	3.574447e+000	1.787225e+000	1.787418e+000	-4.274497e+000
6.682721874922213e-004	3.317745e+000	1.658874e+000	1.659067e+000	-4.559880e+000
6.692487499922213e-004	3.215407e+000	1.607705e+000	1.607898e+000	-4.677081e+000
6.702253124922213e-004	3.130947e+000	1.565475e+000	1.565668e+000	-4.776679e+000
6.712018749922213e-004	3.064683e+000	1.532343e+000	1.532536e+000	-4.858298e+000
6.721784374922213e-004	3.016866e+000	1.508434e+000	1.508627e+000	-4.921631e+000
6.731549999922213e-004	2.987674e+000	1.493838e+000	1.494031e+000	-4.966441e+000
6.741315624922213e-004	2.977220e+000	1.488611e+000	1.488804e+000	-4.992558e+000
6.751081249922213e-004	2.985542e+000	1.492772e+000	1.492965e+000	-4.999885e+000
6.760846874922213e-004	3.012610e+000	1.506306e+000	1.506499e+000	-4.988392e+000
6.770612499922213e-004	3.058322e+000	1.529162e+000	1.529355e+000	-4.958125e+000
6.780378124922213e-004	3.122506e+000	1.561254e+000	1.561447e+000	-4.909196e+000
6.790143749922213e-004	3.204921e+000	1.602462e+000	1.602655e+000	-4.841791e+000
6.799909374922213e-004	3.305259e+000	1.652630e+000	1.652823e+000	-4.756162e+000
6.819440624922213e-004	3.558122e+000	1.779062e+000	1.779255e+000	-4.531590e+000
6.838971874922213e-004	3.877295e+000	1.938649e+000	1.938842e+000	-4.238858e+000
6.858503124922213e-004	4.257983e+000	2.128992e+000	2.129185e+000	-3.882371e+000
6.878034374922213e-004	4.694460e+000	2.347231e+000	2.347398e+000	-3.467489e+000
6.887799999922213e-004	4.931600e+000	2.465799e+000	2.465634e+000	-3.240068e+000
6.897565624922213e-004	5.180166e+000	2.590062e+000	2.585956e+000	-3.000452e+000
6.907331249922213e-004	5.439223e+000	2.719483e+000	2.693808e+000	-2.749543e+000
6.917096874922213e-004	5.707796e+000	2.853485e+000	2.770774e+000	-2.488286e+000
6.926862499922213e-004	5.984875e+000	2.991560e+000	2.815940e+000	-2.217664e+000
6.936628124922213e-004	6.269417e+000	3.133255e+000	2.842601e+000	-1.938694e+000
6.946393749922213e-004	6.560350e+000	3.278089e+000	2.860719e+000	-1.652428e+000
6.956159374922214e-004	6.856581e+000	3.425535e+000	2.874340e+000	-1.359942e+000
6.975690624922214e-004	7.460460e+000	3.726070e+000	2.894062e+000	-7.607355e-001
6.995221874922214e-004	8.071972e+000	4.030375e+000	2.908277e+000	-1.500867e-001
7.014753124922214e-004	8.681923e+000	4.333889e+000	2.919262e+000	4.628196e-001
7.034284374922214e-004	9.281141e+000	4.632051e+000	2.928071e+000	1.068765e+000
7.053815624922214e-004	9.860617e+000	4.920383e+000	2.935292e+000	1.658635e+000
7.073346874922214e-004	1.041164e+001	5.194551e+000	2.941280e+000	2.223557e+000
7.083112499922214e-004	1.067386e+001	5.325027e+000	2.943888e+000	2.493989e+000
7.092878124922214e-004	1.092591e+001	5.450436e+000	2.946267e+000	2.755035e+000
7.102643749922214e-004	1.116683e+001	5.570307e+000	2.948436e+000	3.005711e+000
7.112409374922214e-004	1.139572e+001	5.684189e+000	2.950409e+000	3.245075e+000
7.122174999922214e-004	1.161170e+001	5.791654e+000	2.952200e+000	3.472224e+000
7.131940624922214e-004	1.181398e+001	5.892298e+000	2.953818e+000	3.686306e+000
7.141706249922214e-004	1.200179e+001	5.985742e+000	2.955273e+000	3.886512e+000
7.151471874922214e-004	1.217442e+001	6.071634e+000	2.956573e+000	4.072091e+000
7.161237499922214e-004	1.233122e+001	6.149652e+000	2.957723e+000	4.242343e+000
7.171003124922214e-004	1.247161e+001	6.219502e+000	2.958730e+000	4.396628e+000
7.180768749922214e-004	1.259506e+001	6.280922e+000	2.959598e+000	4.534366e+000
7.190534374922214e-004	1.270109e+001	6.333679e+000	2.960332e+000	4.655036e+000
7.200299999922214e-004	1.278932e+001	6.377577e+000	2.960933e+000	4.758186e+000
7.210065624922214e-004	1.285941e+001	6.412450e+000	2.961406e+000	4.843428e+000
7.219831249922214e-004	1.291110e+001	6.438167e+000	2.961752e+000	4.910440e+000
7.229596874922214e-004	1.294419e+001	6.454631e+000	2.961972e+000	4.958970e+000
7.239362499922214e-004	1.295856e+001	6.461781e+000	2.962067e+000	4.988836e+000
7.249128124922214e-004	1.295415e+001	6.459589e+000	2.962038e+000	4.999925e+000
7.258893749922214e-004	1.293099e+001	6.448064e+000	2.961884e+000	4.992195e+000
7.268659374922214e-004	1.288916e+001	6.427250e+000	2.961606e+000	4.965676e+000
7.278424999922214e-004	1.282881e+001	6.397224e+000	2.961200e+000	4.920467e+000
7.288190624922214e-004	1.275018e+001	6.358102e+000	2.960667e+000	4.856739e+000
7.297956249922214e-004	1.265356e+001	6.310029e+000	2.960004e+000	4.774731e+000
7.307721874922214e-004	1.253931e+001	6.253187e+000	2.959208e+000	4.674752e+000
7.317487499922214e-004	1.240787e+001	6.187789e+000	2.958275e+000	4.557178e+000
7.327253124922214e-004	1.225973e+001	6.114082e+000	2.957202e+000	4.422452e+000
7.337018749922214e-004	1.209545e+001	6.032344e+000	2.955982e+000	4.271081e+000
7.346784374922214e-004	1.191565e+001	5.942883e+000	2.954611e+000	4.103634e+000
7.356549999922214e-004	1.172100e+001	5.846034e+000	2.953081e+000	3.920743e+000
7.366315624922214e-004	1.151223e+001	5.742163e+000	2.951384e+000	3.723094e+000
7.376081249922214e-004	1.129014e+001	5.631660e+000	2.949509e+000	3.511433e+000
7.385846874922214e-004	1.105556e+001	5.514943e+000	2.947446e+000	3.286556e+000
7.395612499922214e-004	1.080937e+001	5.392449e+000	2.945181e+000	3.049308e+000
7.405378124922214e-004	1.055250e+001	5.264640e+000	2.942698e+000	2.800584e+000
7.415143749922214e-004	1.028592e+001	5.131998e+000	2.939978e+000	2.541319e+000
7.434674999922214e-004	9.727653e+000	4.854224e+000	2.933728e+000	1.995106e+000
7.454206249922214e-004	9.142981e+000	4.563305e+000	2.926177e+000	1.418884e+000
7.473737499922214e-004	8.540697e+000	4.263615e+000	2.916927e+000	8.213216e-001
7.493268749922214e-004	7.929862e+000	3.959659e+000	2.905311e+000	2.114054e-001
7.512799999922214e-004	7.319665e+000	3.656003e+000	2.890078e+000	-4.016905e-001
7.522565624922214e-004	7.017679e+000	3.505713e+000	2.880355e+000	-7.065472e-001
7.532331249922214e-004	6.719286e+000	3.357199e+000	2.868449e+000	-1.008745e+000
7.542096874922214e-004	6.425611e+000	3.211016e+000	2.853122e+000	-1.307145e+000
7.551862499922214e-004	6.137759e+000	3.067700e+000	2.831830e+000	-1.600626e+000
7.561628124922214e-004	5.856812e+000	2.927760e+000	2.798451e+000	-1.888083e+000
7.571393749922214e-004	5.583830e+000	2.791657e+000	2.740036e+000	-2.168433e+000
7.581159374922214e-004	5.319839e+000	2.659858e+000	2.647506e+000	-2.440622e+000
7.590924999922214e-004	5.065833e+000	2.532910e+000	2.531646e+000	-2.703624e+000
7.600690624922214e-004	4.822768e+000	2.411384e+000	2.411469e+000	-2.956451e+000
7.620221874922214e-004	4.373075e+000	2.186539e+000	2.186731e+000	-3.427813e+000
7.639753124922214e-004	3.977529e+000	1.988766e+000	1.988959e+000	-3.847618e+000
7.659284374922214e-004	3.642081e+000	1.821041e+000	1.821234e+000	-4.209550e+000
7.678815624922214e-004	3.371778e+000	1.685890e+000	1.686083e+000	-4.508168e+000
7.688581249922214e-004	3.262367e+000	1.631185e+000	1.631378e+000	-4.632290e+000
7.698346874922214e-004	3.170689e+000	1.585345e+000	1.585539e+000	-4.738978e+000
7.708112499922214e-004	3.097087e+000	1.548545e+000	1.548738e+000	-4.827829e+000
7.717878124922214e-004	3.041841e+000	1.520921e+000	1.521114e+000	-4.898509e+000
7.727643749922214e-004	3.005156e+000	1.502579e+000	1.502772e+000	-4.950753e+000
7.737409374922214e-004	2.987174e+000	1.493588e+000	1.493781e+000	-4.984363e+000
7.747174999922214e-004	2.987960e+000	1.493981e+000	1.494174e+000	-4.999212e+000
7.756940624922214e-004	3.007513e+000	1.503757e+000	1.503950e+000	-4.995246e+000
7.766706249922214e-004	3.045758e+000	1.522880e+000	1.523073e+000	-4.972479e+000
7.776471874922214e-004	3.102554e+000	1.551278e+000	1.551471e+000	-4.930997e+000
7.786237499922214e-004	3.177686e+000	1.588844e+000	1.589037e+000	-4.870955e+000
7.796003124922214e-004	3.270871e+000	1.635437e+000	1.635630e+000	-4.792581e+000
7.805768749922214e-004	3.381760e+000	1.690881e+000	1.691074e+000	-4.696168e+000
7.825299999922214e-004	3.654913e+000	1.827457e+000	1.827651e+000	-4.450746e+000
7.844831249922214e-004	3.993040e+000	1.996521e+000	1.996714e+000	-4.138381e+000
7.864362499922214e-004	4.391057e+000	2.195529e+000	2.195722e+000	-3.763770e+000
7.883893749922214e-004	4.842979e+000	2.421490e+000	2.421547e+000	-3.332549e+000
7.893659374922214e-004	5.087061e+000	2.543522e+000	2.541914e+000	-3.097705e+000
7.903424999922214e-004	5.342012e+000	2.670935e+000	2.656597e+000	-2.851203e+000
7.913190624922214e-004	5.606875e+000	2.803154e+000	2.746328e+000	-2.593969e+000
7.922956249922214e-004	5.880652e+000	2.939638e+000	2.802104e+000	-2.326972e+000
7.932721874922214e-004	6.162312e+000	3.079926e+000	2.834048e+000	-2.051217e+000
7.942487499922214e-004	6.450795e+000	3.223553e+000	2.854663e+000	-1.767742e+000
7.952253124922214e-004	6.745017e+000	3.370007e+000	2.869689e+000	-1.477613e+000
7.962018749922214e-004	7.043868e+000	3.518747e+000	2.881378e+000	-1.181923e+000
7.981549999922214e-004	7.650952e+000	3.820866e+000	2.898940e+000	-5.783265e-001
8.001081249922214e-004	8.262917e+000	4.125391e+000	2.911989e+000	3.396821e-002
8.020612499922214e-004	8.870560e+000	4.427752e+000	2.922211e+000	6.457520e-001
8.040143749922214e-004	9.464745e+000	4.723408e+000	2.930478e+000	1.247823e+000
8.059674999922214e-004	1.003654e+001	5.007915e+000	2.937286e+000	1.831126e+000
8.069440624922214e-004	1.031133e+001	5.144643e+000	2.940244e+000	2.112983e+000
8.079206249922215e-004	1.057733e+001	5.276997e+000	2.942944e+000	2.386887e+000
8.088971874922215e-004	1.083355e+001	5.404479e+000	2.945409e+000	2.651807e+000
8.098737499922215e-004	1.107901e+001	5.526609e+000	2.947656e+000	2.906746e+000
8.108503124922215e-004	1.131279e+001	5.642929e+000	2.949704e+000	3.150746e+000
8.118268749922215e-004	1.153401e+001	5.753000e+000	2.951563e+000	3.382886e+000
8.128034374922215e-004	1.174185e+001	5.856408e+000	2.953247e+000	3.602294e+000
8.137799999922215e-004	1.193551e+001	5.952765e+000	2.954765e+000	3.808144e+000
8.147565624922215e-004	1.211427e+001	6.041707e+000	2.956124e+000	3.999661e+000
8.157331249922215e-004	1.227746e+001	6.122900e+000	2.957332e+000	4.176124e+000
8.167096874922215e-004	1.242446e+001	6.196040e+000	2.958394e+000	4.336869e+000
8.176862499922215e-004	1.255472e+001	6.260850e+000	2.959316e+000	4.481291e+000
8.186628124922215e-004	1.266775e+001	6.317088e+000	2.960102e+000	4.608846e+000
8.196393749922215e-004	1.276312e+001	6.364541e+000	2.960756e+000	4.719055e+000
8.206159374922215e-004	1.284048e+001	6.403030e+000	2.961279e+000	4.811502e+000
8.215924999922215e-004	1.289953e+001	6.432412e+000	2.961675e+000	4.885840e+000
8.225690624922215e-004	1.294006e+001	6.452576e+000	2.961944e+000	4.941789e+000
8.235456249922215e-004	1.296191e+001	6.463446e+000	2.962089e+000	4.979138e+000
8.245221874922215e-004	1.296499e+001	6.464981e+000	2.962110e+000	4.997747e+000
8.254987499922215e-004	1.294930e+001	6.457175e+000	2.962006e+000	4.997545e+000
8.264753124922215e-004	1.291490e+001	6.440059e+000	2.961777e+000	4.978534e+000
8.274518749922215e-004	1.286192e+001	6.413696e+000	2.961423e+000	4.940784e+000
8.284284374922215e-004	1.279055e+001	6.378187e+000	2.960942e+000	4.884439e+000
8.294049999922215e-004	1.270106e+001	6.333663e+000	2.960331e+000	4.809710e+000
8.303815624922215e-004	1.259380e+001	6.280294e+000	2.959589e+000	4.716877e+000
8.313581249922215e-004	1.246916e+001	6.218281e+000	2.958713e+000	4.606292e+000
8.323346874922215e-004	1.232761e+001	6.147856e+000	2.957697e+000	4.478370e+000
8.333112499922215e-004	1.216970e+001	6.069285e+000	2.956537e+000	4.333591e+000
8.342878124922215e-004	1.199600e+001	5.982863e+000	2.955229e+000	4.172503e+000
8.352643749922215e-004	1.180719e+001	5.888917e+000	2.953764e+000	3.995710e+000
8.362409374922215e-004	1.160396e+001	5.787799e+000	2.952137e+000	3.803878e+000
8.372174999922215e-004	1.138708e+001	5.679891e+000	2.950336e+000	3.597729e+000
8.381940624922215e-004	1.115737e+001	5.565598e+000	2.948352e+000	3.378040e+000
8.391706249922215e-004	1.091569e+001	5.445350e+000	2.946172e+000	3.145635e+000
8.401471874922215e-004	1.066296e+001	5.319601e+000	2.943782e+000	2.901392e+000
8.411237499922215e-004	1.040012e+001	5.188823e+000	2.941162e+000	2.646228e+000
8.430768749922215e-004	9.848123e+000	4.914166e+000	2.935147e+000	2.107019e+000
8.450299999922215e-004	9.268000e+000	4.625512e+000	2.927893e+000	1.536119e+000
8.469831249922215e-004	8.668480e+000	4.327199e+000	2.919042e+000	9.421136e-001
8.489362499922215e-004	8.058582e+000	4.023713e+000	2.908000e+000	3.339382e-001
8.508893749922215e-004	7.447482e+000	3.719611e+000	2.893681e+000	-2.792600e-001
8.528424999922215e-004	6.844372e+000	3.419457e+000	2.873785e+000	-8.882579e-001
8.538190624922215e-004	6.548656e+000	3.272268e+000	2.860136e+000	-1.188313e+000
8.547956249922215e-004	6.258324e+000	3.127733e+000	2.841855e+000	-1.483895e+000
8.557721874922215e-004	5.974468e+000	2.986376e+000	2.814733e+000	-1.773893e+000
8.567487499922215e-004	5.698156e+000	2.848678e+000	2.768694e+000	-2.057214e+000
8.577253124922215e-004	5.430428e+000	2.715092e+000	2.690678e+000	-2.332792e+000
8.587018749922215e-004	5.172292e+000	2.586127e+000	2.582324e+000	-2.599590e+000
8.596784374922215e-004	4.924719e+000	2.462358e+000	2.462222e+000	-2.856604e+000
8.606549999922215e-004	4.688641e+000	2.344321e+000	2.344490e+000	-3.102866e+000
8.626081249922215e-004	4.254479e+000	2.127241e+000	2.127434e+000	-3.559471e+000
8.645612499922215e-004	3.876339e+000	1.938171e+000	1.938364e+000	-3.962539e+000
8.665143749922215e-004	3.559911e+000	1.779956e+000	1.780149e+000	-4.306007e+000
8.674909374922215e-004	3.426364e+000	1.713183e+000	1.713376e+000	-4.453739e+000
8.684674999922215e-004	3.309954e+000	1.654978e+000	1.655171e+000	-4.584709e+000
8.694440624922215e-004	3.211119e+000	1.605560e+000	1.605754e+000	-4.698422e+000
8.704206249922215e-004	3.130231e+000	1.565117e+000	1.565310e+000	-4.794452e+000
8.713971874922215e-004	3.067595e+000	1.533799e+000	1.533992e+000	-4.872436e+000
8.723737499922215e-004	3.023447e+000	1.511725e+000	1.511918e+000	-4.932082e+000
8.733503124922215e-004	2.997954e+000	1.498978e+000	1.499171e+000	-4.973164e+000
8.743268749922215e-004	2.991210e+000	1.495606e+000	1.495799e+000	-4.995529e+000
8.753034374922215e-004	3.003243e+000	1.501623e+000	1.501816e+000	-4.999091e+000
8.762799999922215e-004	3.034007e+000	1.517005e+000	1.517198e+000	-4.983839e+000
8.772565624922215e-004	3.083387e+000	1.541694e+000	1.541888e+000	-4.949827e+000
8.782331249922215e-004	3.151196e+000	1.575599e+000	1.575792e+000	-4.897186e+000
8.792096874922215e-004	3.237180e+000	1.618591e+000	1.618784e+000	-4.826113e+000
8.801862499922215e-004	3.341016e+000	1.670509e+000	1.670702e+000	-4.736876e+000
8.821393749922215e-004	3.600614e+000	1.800308e+000	1.800501e+000	-4.505319e+000
8.840924999922215e-004	3.926087e+000	1.963045e+000	1.963238e+000	-4.205997e+000
8.860456249922215e-004	4.312542e+000	2.156272e+000	2.156465e+000	-3.843414e+000
8.879987499922215e-004	4.754168e+000	2.377085e+000	2.377227e+000	-3.423022e+000
8.889753124922215e-004	4.993624e+000	2.496810e+000	2.496313e+000	-3.193092e+000
8.899518749922215e-004	5.244324e+000	2.622127e+000	2.615053e+000	-2.951144e+000
8.909284374922215e-004	5.505322e+000	2.752481e+000	2.716377e+000	-2.698089e+000
8.919049999922215e-004	5.775639e+000	2.887305e+000	2.784536e+000	-2.434879e+000
8.928815624922215e-004	6.054254e+000	3.026114e+000	2.823694e+000	-2.162504e+000
8.938581249922215e-004	6.340119e+000	3.168456e+000	2.847689e+000	-1.881990e+000
8.948346874922215e-004	6.632160e+000	3.313833e+000	2.864540e+000	-1.594393e+000
8.958112499922215e-004	6.929276e+000	3.461716e+000	2.877275e+000	-1.300795e+000
8.977643749922215e-004	7.534250e+000	3.762791e+000	2.896005e+000	-7.000349e-001
8.997174999922215e-004	8.145941e+000	4.067183e+000	2.909749e+000	-8.874533e-002
9.016706249922215e-004	8.755150e+000	4.370326e+000	2.920428e+000	5.238791e-001
9.036237499922215e-004	9.352716e+000	4.667665e+000	2.929024e+000	1.128624e+000
9.055768749922215e-004	9.929654e+000	4.954734e+000	2.936084e+000	1.716393e+000
9.075299999922215e-004	1.047729e+001	5.227217e+000	2.941946e+000	2.278346e+000
9.085065624922215e-004	1.073752e+001	5.356698e+000	2.944499e+000	2.546981e+000
9.094831249922215e-004	1.098738e+001	5.481017e+000	2.946830e+000	2.806031e+000
9.104596874922215e-004	1.122592e+001	5.599707e+000	2.948953e+000	3.054518e+000
9.114362499922215e-004	1.145225e+001	5.712320e+000	2.950884e+000	3.291510e+000
9.124128124922215e-004	1.166552e+001	5.818433e+000	2.952636e+000	3.516113e+000
9.133893749922215e-004	1.186493e+001	5.917647e+000	2.954217e+000	3.727482e+000
9.143659374922215e-004	1.204972e+001	6.009589e+000	2.955637e+000	3.924821e+000
9.153424999922215e-004	1.221920e+001	6.093913e+000	2.956904e+000	4.107389e+000
9.163190624922215e-004	1.237272e+001	6.170301e+000	2.958023e+000	4.274497e+000
9.172956249922215e-004	1.250973e+001	6.238466e+000	2.959000e+000	4.425517e+000
9.182721874922215e-004	1.262969e+001	6.298152e+000	2.959839e+000	4.559880e+000
9.192487499922215e-004	1.273215e+001	6.349134e+000	2.960544e+000	4.677081e+000
9.202253124922215e-004	1.281674e+001	6.391220e+000	2.961119e+000	4.776679e+000
9.212018749922216e-004	1.288313e+001	6.424253e+000	2.961565e+000	4.858298e+000
9.221784374922216e-004	1.293108e+001	6.448107e+000	2.961885e+000	4.921631e+000
9.231549999922216e-004	1.296039e+001	6.462693e+000	2.962079e+000	4.966441e+000
9.241315624922216e-004	1.297097e+001	6.467957e+000	2.962149e+000	4.992558e+000
9.251081249922216e-004	1.296278e+001	6.463879e+000	2.962095e+000	4.999885e+000
9.260846874922216e-004	1.293583e+001	6.450473e+000	2.961916e+000	4.988392e+000
9.270612499922216e-004	1.289025e+001	6.427792e+000	2.961613e+000	4.958125e+000
9.280378124922216e-004	1.282619e+001	6.395919e+000	2.961183e+000	4.909196e+000
9.290143749922216e-004	1.274389e+001	6.354975e+000	2.960624e+000	4.841791e+000
9.299909374922216e-004	1.264368e+001	6.305115e+000	2.959936e+000	4.756162e+000
9.309674999922216e-004	1.252592e+001	6.246525e+000	2.959114e+000	4.652631e+000
9.319440624922216e-004	1.239107e+001	6.179427e+000	2.958155e+000	4.531590e+000
9.329206249922216e-004	1.223962e+001	6.104074e+000	2.957054e+000	4.393492e+000
9.338971874922216e-004	1.207214e+001	6.020747e+000	2.955807e+000	4.238858e+000
9.348737499922216e-004	1.188928e+001	5.929763e+000	2.954406e+000	4.068271e+000
9.358503124922216e-004	1.169171e+001	5.831462e+000	2.952846e+000	3.882371e+000
9.368268749922216e-004	1.148018e+001	5.726215e+000	2.951117e+000	3.681859e+000
9.378034374922216e-004	1.125549e+001	5.614418e+000	2.949210e+000	3.467489e+000
9.387799999922216e-004	1.101848e+001	5.496491e+000	2.947112e+000	3.240068e+000
9.397565624922216e-004	1.077004e+001	5.372880e+000	2.944809e+000	3.000452e+000
9.407331249922216e-004	1.051111e+001	5.244048e+000	2.942286e+000	2.749543e+000
9.426862499922216e-004	9.965722e+000	4.972680e+000	2.936493e+000	2.217664e+000
9.446393749922216e-004	9.390509e+000	4.686470e+000	2.929518e+000	1.652428e+000
9.465924999922216e-004	8.794126e+000	4.389719e+000	2.921036e+000	1.062338e+000
9.485456249922216e-004	8.185543e+000	4.086890e+000	2.910513e+000	4.562697e-001
9.504987499922216e-004	7.573918e+000	3.782531e+000	2.897005e+000	-1.566613e-001
9.524518749922216e-004	6.968450e+000	3.481211e+000	2.878575e+000	-7.672360e-001
9.534284374922216e-004	6.670877e+000	3.333104e+000	2.866225e+000	-1.068765e+000
9.544049999922216e-004	6.378246e+000	3.187437e+000	2.850170e+000	-1.366271e+000
9.553815624922216e-004	6.091656e+000	3.044741e+000	2.827501e+000	-1.658635e+000
9.563581249922216e-004	5.812185e+000	2.905520e+000	2.791121e+000	-1.944756e+000
9.573346874922216e-004	5.540887e+000	2.770230e+000	2.727521e+000	-2.223557e+000
9.583112499922216e-004	5.278781e+000	2.639345e+000	2.630133e+000	-2.493989e+000
9.592878124922216e-004	5.026855e+000	2.513423e+000	2.512642e+000	-2.755035e+000
9.602643749922216e-004	4.786056e+000	2.393029e+000	2.393149e+000	-3.005711e+000
9.622174999922216e-004	4.341421e+000	2.170712e+000	2.170904e+000	-3.472224e+000
9.641706249922216e-004	3.951566e+000	1.975784e+000	1.975977e+000	-3.886512e+000
9.661237499922216e-004	3.622356e+000	1.811179e+000	1.811372e+000	-4.242343e+000
9.680768749922216e-004	3.358745e+000	1.679373e+000	1.679566e+000	-4.534366e+000
9.690534374922216e-004	3.252818e+000	1.626410e+000	1.626603e+000	-4.655036e+000
9.700299999922216e-004	3.164697e+000	1.582350e+000	1.582543e+000	-4.758186e+000
9.710065624922216e-004	3.094715e+000	1.547359e+000	1.547552e+000	-4.843428e+000
9.719831249922216e-004	3.043135e+000	1.521568e+000	1.521762e+000	-4.910440e+000
9.729596874922216e-004	3.010151e+000	1.505076e+000	1.505270e+000	-4.958970e+000
9.739362499922216e-004	2.995887e+000	1.497944e+000	1.498138e+000	-4.988836e+000
9.749128124922216e-004	3.000398e+000	1.500200e+000	1.500393e+000	-4.999925e+000
9.758893749922216e-004	3.023666e+000	1.511834e+000	1.512027e+000	-4.992195e+000
9.768659374922216e-004	3.065605e+000	1.532803e+000	1.532997e+000	-4.965676e+000
9.778424999922215e-004	3.126056e+000	1.563029e+000	1.563222e+000	-4.920467e+000
9.788190624922214e-004	3.204792e+000	1.602397e+000	1.602590e+000	-4.856739e+000
9.797956249922213e-004	3.301517e+000	1.650760e+000	1.650953e+000	-4.774731e+000
9.807721874922212e-004	3.415868e+000	1.707935e+000	1.708128e+000	-4.674752e+000
9.827253124922210e-004	3.695659e+000	1.847830e+000	1.848024e+000	-4.422452e+000
9.846784374922207e-004	4.039958e+000	2.019980e+000	2.020173e+000	-4.103634e+000
9.866315624922205e-004	4.443588e+000	2.221795e+000	2.221987e+000	-3.723094e+000
9.876081249922204e-004	4.665789e+000	2.332895e+000	2.333069e+000	-3.511433e+000
9.885846874922203e-004	4.900481e+000	2.450240e+000	2.450180e+000	-3.286556e+000
9.895612499922202e-004	5.146781e+000	2.573376e+000	2.570396e+000	-3.049308e+000
9.905378124922201e-004	5.403763e+000	2.701777e+000	2.680811e+000	-2.800584e+000
9.915143749922200e-004	5.670460e+000	2.834867e+000	2.762353e+000	-2.541319e+000
9.924909374922199e-004	5.945867e+000	2.972128e+000	2.811122e+000	-2.272489e+000
9.934674999922198e-004	6.228948e+000	3.113106e+000	2.839528e+000	-1.995106e+000
9.944440624922197e-004	6.518637e+000	3.257324e+000	2.858495e+000	-1.710213e+000
9.954206249922196e-004	6.813844e+000	3.404264e+000	2.872607e+000	-1.418884e+000
9.963971874922194e-004	7.113458e+000	3.553381e+000	2.883728e+000	-1.122215e+000
9.983503124922192e-004	7.721385e+000	3.855916e+000	2.900631e+000	-5.173371e-001
9.993268749922191e-004	8.027442e+000	4.008217e+000	2.907426e+000	-2.114054e-001
1.000000000000000e-003	8.238561e+000	4.113273e+000	2.911695e+000	-1.224647e-014
